Date,Asset,Type,Open,High,Low,Close,Volume
2015-01-01,AAPL,Stock,99.42,100.2,99.62,100,38860624
2015-01-02,AAPL,Stock,96.75,98.08,96.08,97.33,35458602
2015-01-05,AAPL,Stock,100.86,102.3,99.9,101.38,56398065
2015-01-06,AAPL,Stock,103.54,103.24,102.61,102.9,37234430
2015-01-07,AAPL,Stock,100.84,102.23,101.32,101.41,38666261
2015-01-08,AAPL,Stock,102.3,103.88,101.3,102.62,35867261
2015-01-09,AAPL,Stock,106.78,105.99,104.6,105.88,38380635
2015-01-12,AAPL,Stock,104.1,105.1,104.85,105.06,48119540
2015-01-13,AAPL,Stock,107.62,107.5,105.71,106.77,43494970
2015-01-14,AAPL,Stock,105.12,105.21,103.31,104.42,37672700
2015-01-15,AAPL,Stock,101.91,102.48,99.31,101.23,63370004
2015-01-16,AAPL,Stock,103.42,103.89,102.81,103.13,55127302
2015-01-19,AAPL,Stock,107.43,107.54,107.0,107.34,43736268
2015-01-20,AAPL,Stock,106.8,108.57,107.36,107.57,42362314
2015-01-21,AAPL,Stock,108.91,108.93,106.48,108.19,39432696
2015-01-22,AAPL,Stock,105.3,105.91,104.87,105.5,50933219
2015-01-23,AAPL,Stock,102.2,101.92,100.3,101.86,43549758
2015-01-26,AAPL,Stock,101.13,101.86,101.27,101.52,47620613
2015-01-27,AAPL,Stock,102.17,103.71,100.97,102.19,36623097
2015-01-28,AAPL,Stock,101.69,104.53,101.83,102.23,63069906
2015-01-29,AAPL,Stock,101.53,103.34,102.01,102.26,58153124
2015-01-30,AAPL,Stock,100.99,101.75,100.9,101.26,54370163
2015-02-02,AAPL,Stock,100.25,100.56,99.51,100.35,58596850
2015-02-03,AAPL,Stock,103.57,103.31,102.19,102.84,44594980
2015-02-04,AAPL,Stock,100.8,100.43,99.64,100.06,56004566
2015-02-05,AAPL,Stock,101.25,102.47,101.85,102.17,48567960
2015-02-06,AAPL,Stock,103.76,105.42,102.56,104.05,42559946
2015-02-09,AAPL,Stock,105.41,106.1,104.95,105.06,40658274
2015-02-10,AAPL,Stock,105.53,105.83,104.53,105.1,42721232
2015-02-11,AAPL,Stock,104.46,106.1,104.6,105.13,59295958
2015-02-12,AAPL,Stock,100.96,101.87,99.48,100.45,47586760
2015-02-13,AAPL,Stock,103.9,103.72,102.73,103.47,48399535
2015-02-16,AAPL,Stock,101.75,102.96,102.6,102.67,46460654
2015-02-17,AAPL,Stock,100.4,100.68,98.7,99.81,53957058
2015-02-18,AAPL,Stock,97.73,98.01,96.64,96.79,38705836
2015-02-19,AAPL,Stock,101.18,102.97,100.19,101.69,42028292
2015-02-20,AAPL,Stock,104.1,104.59,102.94,104.12,42874661
2015-02-23,AAPL,Stock,104.04,104.25,103.04,103.44,40094629
2015-02-24,AAPL,Stock,104.23,105.2,102.3,103.55,63533240
2015-02-25,AAPL,Stock,99.19,98.95,98.79,98.9,58270968
2015-02-26,AAPL,Stock,103.03,104.53,101.25,102.73,40657367
2015-02-27,AAPL,Stock,105.52,106.2,104.41,105.52,54502110
2015-03-02,AAPL,Stock,103.44,105.48,103.76,104.16,44158743
2015-03-03,AAPL,Stock,107.67,110.03,106.52,108.58,52947340
2015-03-04,AAPL,Stock,109.23,109.89,108.09,108.46,63657932
2015-03-05,AAPL,Stock,105.79,108.05,104.94,106.46,42926274
2015-03-06,AAPL,Stock,106.65,108.45,106.69,107.52,63643375
2015-03-09,AAPL,Stock,106.14,106.5,104.28,105.78,41897332
2015-03-10,AAPL,Stock,102.94,102.91,102.07,102.81,54571902
2015-03-11,AAPL,Stock,100.86,101.59,100.92,101.54,37529692
2015-03-12,AAPL,Stock,105.57,106.58,105.18,105.69,41870110
2015-03-13,AAPL,Stock,107.59,108.7,106.79,107.89,49299399
2015-03-16,AAPL,Stock,105.75,106.54,104.98,106.4,36323728
2015-03-17,AAPL,Stock,103.84,104.7,103.41,103.79,63066838
2015-03-18,AAPL,Stock,100.68,101.11,98.74,100.72,50997770
2015-03-19,AAPL,Stock,107.93,107.93,107.23,107.4,57528830
2015-03-20,AAPL,Stock,115.41,115.81,113.79,114.64,40023653
2015-03-23,AAPL,Stock,117.02,118.45,114.57,116.64,62933967
2015-03-24,AAPL,Stock,124.18,126.07,124.83,125.13,50151517
2015-03-25,AAPL,Stock,131.16,131.46,129.72,129.87,64359790
2015-03-26,AAPL,Stock,125.58,126.84,125.93,125.99,40189239
2015-03-27,AAPL,Stock,118.13,118.42,117.55,117.59,50536790
2015-03-30,AAPL,Stock,118.28,118.61,116.06,117.91,53743444
2015-03-31,AAPL,Stock,117.36,119.44,117.24,117.82,53176223
2015-04-01,AAPL,Stock,120.02,120.02,119.12,120.0,43237448
2015-04-02,AAPL,Stock,123.1,125.72,120.87,123.53,44981421
2015-04-03,AAPL,Stock,122.79,125.36,123.05,123.08,46474973
2015-04-06,AAPL,Stock,125.75,128.26,125.69,126.41,47986649
2015-04-07,AAPL,Stock,128.59,128.14,127.56,127.95,43023272
2015-04-08,AAPL,Stock,125.54,128.93,123.52,125.97,63532930
2015-04-09,AAPL,Stock,125.7,127.0,126.23,126.51,63115033
2015-04-10,AAPL,Stock,127.25,127.94,125.49,126.87,40455452
2015-04-13,AAPL,Stock,124.55,123.8,122.88,123.55,46385741
2015-04-14,AAPL,Stock,120.81,121.22,119.29,120.58,63045918
2015-04-15,AAPL,Stock,120.51,123.1,120.68,121.56,49775162
2015-04-16,AAPL,Stock,119.47,121.37,119.67,119.86,54158428
2015-04-17,AAPL,Stock,114.89,114.22,113.39,113.9,36367057
2015-04-20,AAPL,Stock,113.63,115.13,114.27,114.58,62087308
2015-04-21,AAPL,Stock,118.21,120.9,117.89,118.21,52630014
2015-04-22,AAPL,Stock,115.52,115.06,113.77,114.45,49111312
2015-04-23,AAPL,Stock,114.17,114.95,111.62,113.94,43488716
2015-04-24,AAPL,Stock,120.07,120.68,118.99,120.6,51308805
2015-04-27,AAPL,Stock,119.81,120.61,118.57,120.01,48410276
2015-04-28,AAPL,Stock,121.37,124.03,120.71,121.51,40304123
2015-04-29,AAPL,Stock,121.84,122.9,122.04,122.08,55934579
2015-04-30,AAPL,Stock,125.24,127.65,124.97,126.15,47444835
2015-05-01,AAPL,Stock,126.95,128.11,126.66,127.47,46824905
2015-05-04,AAPL,Stock,127.12,128.21,124.54,126.67,51310277
2015-05-05,AAPL,Stock,128.6,129.51,128.3,128.65,35526115
2015-05-06,AAPL,Stock,129.83,129.64,128.87,129.05,55505511
2015-05-07,AAPL,Stock,131.79,131.32,130.43,130.66,47308523
2015-05-08,AAPL,Stock,128.19,130.82,128.89,129.12,50786830
2015-05-11,AAPL,Stock,129.92,131.35,131.04,131.05,44919523
2015-05-12,AAPL,Stock,134.78,135.53,134.09,134.96,36081554
2015-05-13,AAPL,Stock,137.15,137.83,136.05,136.6,64273199
2015-05-14,AAPL,Stock,136.66,140.17,136.71,137.31,35097028
2015-05-15,AAPL,Stock,137.83,140.73,136.87,138.74,47557238
2015-05-18,AAPL,Stock,138.17,139.45,135.27,137.38,64059131
2015-05-19,AAPL,Stock,135.73,135.03,132.03,134.46,45807979
2015-05-20,AAPL,Stock,137.9,140.16,137.41,138.5,48102269
2015-05-21,AAPL,Stock,135.95,136.51,134.42,135.71,53035554
2015-05-22,AAPL,Stock,134.77,136.46,132.67,134.24,52877016
2015-05-25,AAPL,Stock,132.07,134.45,132.36,132.76,48770987
2015-05-26,AAPL,Stock,131.95,134.09,132.54,132.74,45998204
2015-05-27,AAPL,Stock,132.8,134.43,132.96,133.59,52425574
2015-05-28,AAPL,Stock,134.5,135.7,134.35,134.76,37246988
2015-05-29,AAPL,Stock,131.07,130.25,130.08,130.2,58529636
2015-06-01,AAPL,Stock,130.78,131.63,130.95,131.36,42684733
2015-06-02,AAPL,Stock,134.48,136.02,133.34,135.13,49032933
2015-06-03,AAPL,Stock,136.02,135.69,134.79,135.15,52677101
2015-06-04,AAPL,Stock,137.65,137.95,136.19,137.84,51634670
2015-06-05,AAPL,Stock,132.52,133.65,130.8,133.26,55289603
2015-06-08,AAPL,Stock,133.71,133.25,133.08,133.25,56206005
2015-06-09,AAPL,Stock,134.59,136.68,132.71,134.04,61695472
2015-06-10,AAPL,Stock,135.26,134.39,133.5,134.26,40241083
2015-06-11,AAPL,Stock,134.5,135.11,132.46,133.61,61685044
2015-06-12,AAPL,Stock,134.96,136.72,134.64,134.9,45422716
2015-06-15,AAPL,Stock,136.1,136.75,135.28,136.56,58518774
2015-06-16,AAPL,Stock,136.42,137.41,135.46,136.53,52979960
2015-06-17,AAPL,Stock,137.69,138.97,137.21,137.4,41320526
2015-06-18,AAPL,Stock,134.04,134.72,133.72,134.45,63684172
2015-06-19,AAPL,Stock,133.1,134.56,132.75,133.87,40182344
2015-06-22,AAPL,Stock,137.77,138.05,136.93,137.78,52106217
2015-06-23,AAPL,Stock,138.19,139.61,137.72,137.96,57675125
2015-06-24,AAPL,Stock,139.93,140.72,139.52,140.63,57074028
2015-06-25,AAPL,Stock,141.93,143.03,142.15,142.45,45986252
2015-06-26,AAPL,Stock,142.83,145.21,142.47,143.09,41920137
2015-06-29,AAPL,Stock,144.49,145.89,144.71,145.09,61133962
2015-06-30,AAPL,Stock,141.21,144.85,139.27,141.8,61209563
2015-07-01,AAPL,Stock,143.5,143.12,142.05,142.69,42961815
2015-07-02,AAPL,Stock,142.7,144.5,139.72,142.73,52499953
2015-07-03,AAPL,Stock,142.77,142.91,138.49,141.43,36539794
2015-07-06,AAPL,Stock,140.51,140.68,138.62,139.91,56125121
2015-07-07,AAPL,Stock,141.91,144.61,142.13,143.26,61957074
2015-07-08,AAPL,Stock,150.33,150.51,149.02,149.18,50381928
2015-07-09,AAPL,Stock,144.33,145.61,142.42,145.11,46286424
2015-07-10,AAPL,Stock,142.83,143.76,143.28,143.76,54421239
2015-07-13,AAPL,Stock,139.96,141.51,138.53,139.54,62965861
2015-07-14,AAPL,Stock,138.95,139.63,138.05,139.59,35247002
2015-07-15,AAPL,Stock,138.68,139.64,135.39,137.31,40677404
2015-07-16,AAPL,Stock,137.09,139.53,138.17,138.25,49817826
2015-07-17,AAPL,Stock,141.61,141.83,141.46,141.71,55934942
2015-07-20,AAPL,Stock,142.95,145.25,142.29,142.62,59537102
2015-07-21,AAPL,Stock,139.78,141.66,139.72,141.09,63093912
2015-07-22,AAPL,Stock,146.04,145.06,144.04,144.9,42712172
2015-07-23,AAPL,Stock,143.7,144.04,142.19,142.76,44770484
2015-07-24,AAPL,Stock,138.76,140.23,139.22,139.31,39410745
2015-07-27,AAPL,Stock,140.02,139.4,138.56,139.29,37382282
2015-07-28,AAPL,Stock,137.87,140.44,137.36,138.42,58566528
2015-07-29,AAPL,Stock,140.52,142.98,140.93,141.03,62837692
2015-07-30,AAPL,Stock,141.35,143.5,138.78,141.25,41000261
2015-07-31,AAPL,Stock,141.72,141.67,140.22,140.95,42450568
2015-08-03,AAPL,Stock,137.83,139.08,136.73,137.02,44939988
2015-08-04,AAPL,Stock,134.24,135.38,134.32,134.75,63748759
2015-08-05,AAPL,Stock,139.42,139.88,137.2,138.55,38084706
2015-08-06,AAPL,Stock,135.49,135.72,132.62,135.2,42464723
2015-08-07,AAPL,Stock,132.67,134.0,132.89,133.79,58564832
2015-08-10,AAPL,Stock,133.69,133.96,131.31,132.61,38717735
2015-08-11,AAPL,Stock,134.76,137.51,135.59,135.66,51099757
2015-08-12,AAPL,Stock,144.48,145.11,141.38,143.75,57293003
2015-08-13,AAPL,Stock,142.3,142.8,142.2,142.37,55814425
2015-08-14,AAPL,Stock,141.27,144.58,141.68,141.82,59753063
2015-08-17,AAPL,Stock,140.82,141.1,139.35,140.77,54476383
2015-08-18,AAPL,Stock,141.34,141.54,140.42,141.18,41591771
2015-08-19,AAPL,Stock,137.07,139.77,136.77,138.09,44125368
2015-08-20,AAPL,Stock,136.43,136.34,134.85,135.35,48177512
2015-08-21,AAPL,Stock,139.41,140.38,138.35,139.78,36638619
2015-08-24,AAPL,Stock,127.68,129.73,125.65,128.0,49794301
2015-08-25,AAPL,Stock,138.89,139.69,137.84,139.31,45915385
2015-08-26,AAPL,Stock,142.23,144.74,141.46,143.28,35515278
2015-08-27,AAPL,Stock,138.06,139.54,137.83,138.86,60603736
2015-08-28,AAPL,Stock,130.38,132.2,129.38,131.19,36603295
2015-08-31,AAPL,Stock,129.38,130.68,128.86,130.52,51207393
2015-09-01,AAPL,Stock,130.02,130.47,128.77,129.29,40602481
2015-09-02,AAPL,Stock,132.22,133.33,131.53,133.06,46986185
2015-09-03,AAPL,Stock,131.3,131.76,130.4,131.31,50391887
2015-09-04,AAPL,Stock,126.98,128.2,127.3,127.98,49690750
2015-09-07,AAPL,Stock,126.73,128.5,125.28,126.6,40352312
2015-09-08,AAPL,Stock,127.49,128.0,126.51,127.34,60508434
2015-09-09,AAPL,Stock,126.13,125.81,124.36,125.14,56971527
2015-09-10,AAPL,Stock,120.28,120.5,119.43,119.55,47199442
2015-09-11,AAPL,Stock,115.51,117.14,114.35,114.98,57221206
2015-09-14,AAPL,Stock,120.43,120.74,119.79,120.35,38170609
2015-09-15,AAPL,Stock,119.16,119.69,118.83,119.5,46290247
2015-09-16,AAPL,Stock,112.24,115.28,111.31,113.0,55893805
2015-09-17,AAPL,Stock,110.41,112.43,109.77,111.38,39857939
2015-09-18,AAPL,Stock,111.6,111.95,111.15,111.66,62806376
2015-09-21,AAPL,Stock,111.94,112.45,110.64,111.96,49259527
2015-09-22,AAPL,Stock,106.61,107.22,106.4,106.77,63488738
2015-09-23,AAPL,Stock,110.08,110.66,108.43,109.6,60953227
2015-09-24,AAPL,Stock,110.97,112.34,109.37,110.83,47322013
2015-09-25,AAPL,Stock,115.97,116.09,115.42,115.51,50278343
2015-09-28,AAPL,Stock,114.16,115.26,113.88,114.92,60248858
2015-09-29,AAPL,Stock,110.48,112.0,109.77,110.77,40288281
2015-09-30,AAPL,Stock,110.22,110.27,108.18,109.41,60681550
2015-10-01,AAPL,Stock,106.59,106.15,105.15,105.86,35005236
2015-10-02,AAPL,Stock,107.13,108.49,107.99,108.11,47143553
2015-10-05,AAPL,Stock,114.26,114.53,114.33,114.49,54624928
2015-10-06,AAPL,Stock,116.47,116.57,115.3,115.34,59402211
2015-10-07,AAPL,Stock,112.0,113.59,111.61,112.73,64363777
2015-10-08,AAPL,Stock,115.94,115.11,114.86,115.06,48229626
2015-10-09,AAPL,Stock,118.12,120.95,117.38,118.24,40706863
2015-10-12,AAPL,Stock,116.5,117.17,116.41,116.49,55161364
2015-10-13,AAPL,Stock,118.24,118.87,117.41,117.66,53424560
2015-10-14,AAPL,Stock,115.62,117.89,114.35,115.93,59767552
2015-10-15,AAPL,Stock,116.79,116.93,115.85,115.95,54810299
2015-10-16,AAPL,Stock,114.13,114.36,112.72,113.66,64746045
2015-10-19,AAPL,Stock,117.58,118.6,117.24,117.57,59691255
2015-10-20,AAPL,Stock,129.23,129.82,127.6,128.25,37190464
2015-10-21,AAPL,Stock,124.35,124.38,122.1,123.27,50849859
2015-10-22,AAPL,Stock,122.7,124.19,121.83,123.5,48459869
2015-10-23,AAPL,Stock,125.01,125.39,123.0,125.01,61622390
2015-10-26,AAPL,Stock,124.49,125.95,125.02,125.65,55214921
2015-10-27,AAPL,Stock,122.79,123.21,122.31,122.41,48929298
2015-10-28,AAPL,Stock,123.97,124.38,123.01,123.19,55993847
2015-10-29,AAPL,Stock,125.95,125.35,124.27,125.11,54480726
2015-10-30,AAPL,Stock,124.13,126.52,124.38,125.36,46853892
2015-11-02,AAPL,Stock,127.54,127.51,125.13,126.75,45677917
2015-11-03,AAPL,Stock,122.68,122.4,121.73,122.21,63021083
2015-11-04,AAPL,Stock,113.8,114.78,112.72,113.72,62626868
2015-11-05,AAPL,Stock,114.47,114.7,113.14,113.37,43226294
2015-11-06,AAPL,Stock,112.16,112.78,111.09,112.32,59392344
2015-11-09,AAPL,Stock,106.56,107.89,103.8,105.62,39867954
2015-11-10,AAPL,Stock,100.23,100.71,99.86,100.36,48581623
2015-11-11,AAPL,Stock,101.84,101.59,100.1,101.06,51527086
2015-11-12,AAPL,Stock,101.29,101.5,99.7,101.41,49758677
2015-11-13,AAPL,Stock,100.73,102.02,99.89,101.64,60893649
2015-11-16,AAPL,Stock,101.59,102.99,101.97,102.34,57658935
2015-11-17,AAPL,Stock,101.68,101.7,100.66,101.39,46192653
2015-11-18,AAPL,Stock,103.41,105.21,102.09,103.77,53543818
2015-11-19,AAPL,Stock,104.33,105.7,103.93,104.11,64463627
2015-11-20,AAPL,Stock,106.36,107.61,106.74,107.41,40008923
2015-11-23,AAPL,Stock,111.85,112.41,110.0,111.2,40400575
2015-11-24,AAPL,Stock,108.88,111.24,108.46,109.59,63709619
2015-11-25,AAPL,Stock,107.51,108.3,107.95,107.98,52489887
2015-11-26,AAPL,Stock,109.8,108.94,108.05,108.78,41766751
2015-11-27,AAPL,Stock,113.75,113.91,113.02,113.59,36686250
2015-11-30,AAPL,Stock,115.7,116.14,112.3,114.58,57993474
2015-12-01,AAPL,Stock,109.96,110.26,106.75,108.9,49774806
2015-12-02,AAPL,Stock,107.12,107.18,105.62,106.9,43687442
2015-12-03,AAPL,Stock,113.44,114.65,113.62,114.54,54797791
2015-12-04,AAPL,Stock,122.25,122.39,121.54,122.01,35911113
2015-12-07,AAPL,Stock,123.48,123.5,122.44,123.49,37391354
2015-12-08,AAPL,Stock,128.74,129.25,128.07,128.48,50324516
2015-12-09,AAPL,Stock,126.56,129.02,126.59,126.68,35403633
2015-12-10,AAPL,Stock,123.36,124.42,123.25,123.88,45079222
2015-12-11,AAPL,Stock,120.73,121.76,121.24,121.45,51090641
2015-12-14,AAPL,Stock,125.3,126.53,124.05,125.3,57856281
2015-12-15,AAPL,Stock,121.43,121.3,120.54,121.03,60173114
2015-12-16,AAPL,Stock,122.12,121.4,119.45,121.11,60287210
2015-12-17,AAPL,Stock,124.44,124.34,122.09,123.48,35886852
2015-12-18,AAPL,Stock,126.01,128.33,125.66,127.2,41894062
2015-12-21,AAPL,Stock,129.24,130.03,127.93,129.04,42457103
2015-12-22,AAPL,Stock,137.52,139.49,136.22,137.6,43396937
2015-12-23,AAPL,Stock,134.31,134.29,133.31,134.02,38474944
2015-12-24,AAPL,Stock,138.36,139.66,139.03,139.11,36663061
2015-12-25,AAPL,Stock,139.46,140.09,139.32,140.06,43076745
2015-12-28,AAPL,Stock,132.57,135.66,132.77,133.51,57602872
2015-12-29,AAPL,Stock,133.89,133.32,131.97,132.65,36498303
2015-12-30,AAPL,Stock,130.64,132.06,128.65,129.78,64557216
2015-12-31,AAPL,Stock,128.78,130.15,128.93,130.07,52652184
2016-01-01,AAPL,Stock,133.24,135.57,132.91,134.1,48094117
2016-01-04,AAPL,Stock,131.6,131.03,130.15,130.62,63076876
2016-01-05,AAPL,Stock,135.41,136.3,135.18,136.01,49843349
2016-01-06,AAPL,Stock,137.13,137.96,136.49,137.46,35324595
2016-01-07,AAPL,Stock,137.02,137.21,136.33,136.96,44364207
2016-01-08,AAPL,Stock,138.27,139.9,138.62,138.92,58331750
2016-01-11,AAPL,Stock,139.03,138.94,137.04,137.96,64683978
2016-01-12,AAPL,Stock,132.14,133.04,132.16,132.58,56018339
2016-01-13,AAPL,Stock,131.29,132.31,131.79,132.07,48881190
2016-01-14,AAPL,Stock,133.11,133.71,132.14,133.2,36705011
2016-01-15,AAPL,Stock,139.65,139.09,138.31,138.5,40332026
2016-01-18,AAPL,Stock,139.59,142.58,139.63,140.64,53182114
2016-01-19,AAPL,Stock,147.64,148.54,145.57,147.67,37031971
2016-01-20,AAPL,Stock,142.42,145.83,141.71,143.01,62905683
2016-01-21,AAPL,Stock,145.42,147.96,144.51,146.02,60627676
2016-01-22,AAPL,Stock,143.06,145.51,144.35,144.39,50196362
2016-01-25,AAPL,Stock,144.39,147.0,142.56,144.81,57065439
2016-01-26,AAPL,Stock,139.79,142.14,137.6,139.87,50389600
2016-01-27,AAPL,Stock,138.97,139.97,138.1,139.54,38726022
2016-01-28,AAPL,Stock,140.37,139.81,139.18,139.24,41652691
2016-01-29,AAPL,Stock,138.03,138.61,134.79,137.01,38203811
2016-02-01,AAPL,Stock,130.51,132.54,129.39,131.15,36221080
2016-02-02,AAPL,Stock,134.3,136.08,131.83,133.67,35752293
2016-02-03,AAPL,Stock,142.42,143.12,142.61,143.1,57908987
2016-02-04,AAPL,Stock,146.07,145.09,143.21,144.74,59552306
2016-02-05,AAPL,Stock,146.56,146.02,145.42,145.64,46807158
2016-02-08,AAPL,Stock,142.73,142.69,141.93,142.12,62512969
2016-02-09,AAPL,Stock,143.63,143.68,142.23,143.55,52033903
2016-02-10,AAPL,Stock,147.46,148.98,146.41,147.37,64646971
2016-02-11,AAPL,Stock,152.97,154.34,153.54,153.94,60729294
2016-02-12,AAPL,Stock,154.4,155.06,154.53,154.78,52680133
2016-02-15,AAPL,Stock,145.96,147.42,146.72,146.93,35700099
2016-02-16,AAPL,Stock,149.86,153.14,149.14,150.0,37553783
2016-02-17,AAPL,Stock,150.78,151.25,149.61,150.5,62660870
2016-02-18,AAPL,Stock,148.66,150.01,148.43,149.44,55389222
2016-02-19,AAPL,Stock,147.03,148.21,145.44,146.32,39832986
2016-02-22,AAPL,Stock,145.8,145.37,142.22,144.37,48768469
2016-02-23,AAPL,Stock,140.99,141.44,140.42,141.14,61933659
2016-02-24,AAPL,Stock,137.3,136.79,133.87,136.78,46423085
2016-02-25,AAPL,Stock,141.59,141.27,139.71,140.88,39204533
2016-02-26,AAPL,Stock,141.06,142.48,139.62,141.84,45979518
2016-02-29,AAPL,Stock,138.25,139.53,135.94,138.12,53114071
2016-03-01,AAPL,Stock,135.6,136.67,135.35,136.09,54879361
2016-03-02,AAPL,Stock,128.62,129.28,127.04,128.84,35562936
2016-03-03,AAPL,Stock,121.65,122.97,121.51,122.0,58493096
2016-03-04,AAPL,Stock,118.1,118.03,117.1,117.38,38610686
2016-03-07,AAPL,Stock,122.81,123.91,119.06,121.63,48744333
2016-03-08,AAPL,Stock,124.84,125.25,124.04,124.65,54755333
2016-03-09,AAPL,Stock,117.22,120.5,116.07,118.1,46239391
2016-03-10,AAPL,Stock,120.64,120.18,119.49,119.65,42815994
2016-03-11,AAPL,Stock,117.4,118.42,117.76,117.9,49960308
2016-03-14,AAPL,Stock,115.95,117.0,114.63,115.63,49953840
2016-03-15,AAPL,Stock,115.27,116.64,114.58,115.16,35525160
2016-03-16,AAPL,Stock,118.06,120.21,118.32,118.87,52305257
2016-03-17,AAPL,Stock,116.35,118.05,115.08,115.97,58660225
2016-03-18,AAPL,Stock,111.28,112.06,110.79,111.23,50973755
2016-03-21,AAPL,Stock,114.94,114.53,113.28,113.89,60908218
2016-03-22,AAPL,Stock,120.75,120.34,119.12,119.58,41891773
2016-03-23,AAPL,Stock,114.82,115.75,114.7,115.27,49307383
2016-03-24,AAPL,Stock,111.8,113.24,111.99,112.62,39916712
2016-03-25,AAPL,Stock,115.57,116.44,115.47,115.69,47720993
2016-03-28,AAPL,Stock,113.74,115.07,113.54,114.52,55669437
2016-03-29,AAPL,Stock,117.39,116.84,114.07,116.44,35734596
2016-03-30,AAPL,Stock,113.16,114.12,113.18,113.79,41911558
2016-03-31,AAPL,Stock,117.58,118.14,117.04,117.89,38198014
2016-04-01,AAPL,Stock,110.72,111.71,111.03,111.48,36639332
2016-04-04,AAPL,Stock,109.07,110.91,109.41,109.93,56270532
2016-04-05,AAPL,Stock,109.25,110.08,108.15,109.53,35109957
2016-04-06,AAPL,Stock,106.1,107.52,106.03,106.17,48248440
2016-04-07,AAPL,Stock,106.45,107.14,104.19,105.86,56486229
2016-04-08,AAPL,Stock,103.74,103.82,103.15,103.42,48725271
2016-04-11,AAPL,Stock,103.87,104.19,102.76,103.46,64367873
2016-04-12,AAPL,Stock,100.62,100.2,99.09,99.85,53442812
2016-04-13,AAPL,Stock,99.7,102.03,99.12,100.27,43296508
2016-04-14,AAPL,Stock,103.54,103.86,101.69,102.97,48712675
2016-04-15,AAPL,Stock,102.4,102.81,101.14,101.94,50470010
2016-04-18,AAPL,Stock,104.15,105.23,103.69,104.94,53853941
2016-04-19,AAPL,Stock,99.56,100.71,98.93,99.64,49706835
2016-04-20,AAPL,Stock,101.12,103.09,101.48,102.05,55083946
2016-04-21,AAPL,Stock,103.28,104.52,102.51,103.25,52687199
2016-04-22,AAPL,Stock,100.66,101.85,99.81,100.62,62659027
2016-04-25,AAPL,Stock,94.7,96.75,93.62,95.64,51110234
2016-04-26,AAPL,Stock,97.18,97.57,96.6,96.98,46078434
2016-04-27,AAPL,Stock,98.66,99.38,98.54,99.33,53986417
2016-04-28,AAPL,Stock,102.36,101.71,101.3,101.7,40935975
2016-04-29,AAPL,Stock,93.62,96.24,92.68,94.51,59582981
2016-05-02,AAPL,Stock,93.7,95.5,93.39,94.52,61819101
2016-05-03,AAPL,Stock,89.91,91.25,89.37,90.06,62635456
2016-05-04,AAPL,Stock,90.99,90.81,88.16,90.12,54257219
2016-05-05,AAPL,Stock,85.84,87.03,86.39,86.5,40994694
2016-05-06,AAPL,Stock,82.51,82.42,81.52,82.28,49541535
2016-05-09,AAPL,Stock,82.76,83.28,82.86,83.08,39128548
2016-05-10,AAPL,Stock,83.02,83.87,81.43,82.82,41712485
2016-05-11,AAPL,Stock,83.57,84.22,82.55,83.85,61435962
2016-05-12,AAPL,Stock,91.25,91.62,90.5,91.21,55970564
2016-05-13,AAPL,Stock,99.26,99.27,97.24,98.3,38720365
2016-05-16,AAPL,Stock,108.88,108.81,106.61,108.7,45475754
2016-05-17,AAPL,Stock,108.79,107.96,107.43,107.94,41209258
2016-05-18,AAPL,Stock,107.41,108.58,106.74,107.84,59946812
2016-05-19,AAPL,Stock,112.16,111.94,110.54,111.43,38722246
2016-05-20,AAPL,Stock,112.74,113.47,111.8,112.95,54826397
2016-05-23,AAPL,Stock,109.51,110.85,108.01,110.33,57201953
2016-05-24,AAPL,Stock,116.25,118.18,116.5,116.76,53657361
2016-05-25,AAPL,Stock,117.63,118.68,118.35,118.43,46855032
2016-05-26,AAPL,Stock,118.45,117.89,117.5,117.62,43019785
2016-05-27,AAPL,Stock,120.3,120.45,119.56,119.78,52933512
2016-05-30,AAPL,Stock,123.41,123.97,123.9,123.91,37245749
2016-05-31,AAPL,Stock,123.33,123.06,121.62,122.31,59624847
2016-06-01,AAPL,Stock,123.63,124.78,123.23,123.73,44364948
2016-06-02,AAPL,Stock,117.27,120.0,116.16,117.99,62924519
2016-06-03,AAPL,Stock,117.03,118.26,117.63,118.2,43242580
2016-06-06,AAPL,Stock,118.77,121.24,117.41,119.16,57897149
2016-06-07,AAPL,Stock,117.8,119.9,117.79,118.99,49509286
2016-06-08,AAPL,Stock,123.03,125.1,122.04,122.64,59590736
2016-06-09,AAPL,Stock,120.39,120.89,118.76,120.21,38035776
2016-06-10,AAPL,Stock,116.01,115.44,114.38,114.95,61935988
2016-06-13,AAPL,Stock,114.84,116.39,115.63,115.83,48883182
2016-06-14,AAPL,Stock,110.0,109.94,109.42,109.88,57556841
2016-06-15,AAPL,Stock,115.96,116.09,115.44,115.78,45429002
2016-06-16,AAPL,Stock,113.06,114.26,114.01,114.1,64995932
2016-06-17,AAPL,Stock,107.93,109.57,106.77,108.42,55278793
2016-06-20,AAPL,Stock,106.63,106.43,105.55,105.74,42619573
2016-06-21,AAPL,Stock,109.04,108.95,108.42,108.64,39569227
2016-06-22,AAPL,Stock,107.39,108.12,106.28,107.44,57301356
2016-06-23,AAPL,Stock,111.19,112.09,110.82,110.93,46781833
2016-06-24,AAPL,Stock,109.61,110.24,108.52,109.58,62926501
2016-06-27,AAPL,Stock,109.63,111.34,109.46,109.92,46473399
2016-06-28,AAPL,Stock,112.01,112.35,110.03,111.14,39093711
2016-06-29,AAPL,Stock,107.89,110.69,107.29,108.94,44279030
2016-06-30,AAPL,Stock,106.79,107.29,106.77,106.82,50669965
2016-07-01,AAPL,Stock,106.22,107.23,104.81,105.95,43324244
2016-07-04,AAPL,Stock,109.81,111.15,109.03,110.04,51791425
2016-07-05,AAPL,Stock,112.23,112.92,110.69,112.29,64272425
2016-07-06,AAPL,Stock,118.56,121.41,119.56,119.58,50215390
2016-07-07,AAPL,Stock,120.97,121.34,119.69,121.1,38828116
2016-07-08,AAPL,Stock,114.09,116.73,113.93,115.15,41760438
2016-07-11,AAPL,Stock,114.3,115.02,114.85,114.95,39846843
2016-07-12,AAPL,Stock,119.48,120.12,119.34,119.66,63478286
2016-07-13,AAPL,Stock,119.54,119.06,116.57,118.47,36557111
2016-07-14,AAPL,Stock,115.2,115.07,113.97,115.01,42830121
2016-07-15,AAPL,Stock,112.7,113.77,111.06,112.59,52699188
2016-07-18,AAPL,Stock,111.31,112.58,109.95,110.88,47916541
2016-07-19,AAPL,Stock,107.04,107.8,106.84,107.41,53232217
2016-07-20,AAPL,Stock,107.72,107.46,106.32,106.73,36155644
2016-07-21,AAPL,Stock,104.32,104.7,103.55,104.54,37522743
2016-07-22,AAPL,Stock,105.14,105.86,105.62,105.8,46663432
2016-07-25,AAPL,Stock,106.55,107.12,106.08,106.46,44266138
2016-07-26,AAPL,Stock,101.27,102.66,100.81,101.8,48655311
2016-07-27,AAPL,Stock,102.56,103.66,102.9,103.18,38218587
2016-07-28,AAPL,Stock,99.51,100.35,98.82,99.57,54575066
2016-07-29,AAPL,Stock,95.45,94.61,93.5,94.51,61134219
2016-08-01,AAPL,Stock,89.16,90.9,88.94,89.72,51402076
2016-08-02,AAPL,Stock,88.95,90.48,88.15,89.57,52530179
2016-08-03,AAPL,Stock,94.27,95.59,92.51,94.17,58386451
2016-08-04,AAPL,Stock,90.32,90.82,88.96,89.94,60996978
2016-08-05,AAPL,Stock,88.65,89.82,87.36,88.72,50649062
2016-08-08,AAPL,Stock,89.62,89.26,88.6,89.13,41176558
2016-08-09,AAPL,Stock,88.2,88.01,86.99,87.63,50862411
2016-08-10,AAPL,Stock,91.59,91.75,90.53,91.21,49271961
2016-08-11,AAPL,Stock,95.1,96.56,93.96,94.99,63281651
2016-08-12,AAPL,Stock,96.96,97.56,96.63,97.26,43742245
2016-08-15,AAPL,Stock,98.24,98.83,95.52,97.56,47127028
2016-08-16,AAPL,Stock,89.25,89.65,88.76,89.25,36218175
2016-08-17,AAPL,Stock,89.14,89.86,88.59,88.98,37338629
2016-08-18,AAPL,Stock,90.84,90.43,90.0,90.25,43511039
2016-08-19,AAPL,Stock,91.54,91.07,90.13,90.81,51778094
2016-08-22,AAPL,Stock,93.14,92.69,92.42,92.48,63295618
2016-08-23,AAPL,Stock,97.4,98.19,96.85,97.28,45807992
2016-08-24,AAPL,Stock,95.34,96.12,93.92,94.96,40783924
2016-08-25,AAPL,Stock,93.32,93.69,92.88,93.04,38577429
2016-08-26,AAPL,Stock,89.75,89.8,89.0,89.43,40226160
2016-08-29,AAPL,Stock,90.97,92.2,90.49,91.31,37613932
2016-08-30,AAPL,Stock,92.0,92.96,90.08,91.28,52454599
2016-08-31,AAPL,Stock,92.8,92.53,91.59,92.04,35099658
2016-09-01,AAPL,Stock,88.97,88.88,88.36,88.71,47580203
2016-09-02,AAPL,Stock,88.16,88.95,86.99,87.98,41512274
2016-09-05,AAPL,Stock,90.36,89.61,88.8,89.59,36710833
2016-09-06,AAPL,Stock,93.41,93.81,92.4,92.61,50882604
2016-09-07,AAPL,Stock,94.99,95.25,94.15,94.23,57060139
2016-09-08,AAPL,Stock,100.59,101.83,98.81,100.37,40521275
2016-09-09,AAPL,Stock,104.81,104.91,103.27,104.03,60948299
2016-09-12,AAPL,Stock,104.8,107.38,104.48,105.54,51563373
2016-09-13,AAPL,Stock,101.23,103.69,101.48,102.05,64097096
2016-09-14,AAPL,Stock,102.72,104.0,101.71,102.36,48059563
2016-09-15,AAPL,Stock,105.17,106.07,105.69,105.82,43697045
2016-09-16,AAPL,Stock,108.13,109.68,107.13,108.37,63882279
2016-09-19,AAPL,Stock,110.76,112.66,111.17,111.73,63900822
2016-09-20,AAPL,Stock,112.1,114.09,112.08,113.1,53640454
2016-09-21,AAPL,Stock,109.75,110.55,109.62,110.43,58467909
2016-09-22,AAPL,Stock,115.37,116.23,114.64,115.32,54934602
2016-09-23,AAPL,Stock,115.08,115.36,113.2,114.09,41893818
2016-09-26,AAPL,Stock,110.22,111.16,109.54,109.99,49908847
2016-09-27,AAPL,Stock,109.9,109.96,107.18,109.13,44219847
2016-09-28,AAPL,Stock,106.9,107.47,105.7,106.04,51729694
2016-09-29,AAPL,Stock,101.6,102.5,99.35,101.49,53002657
2016-09-30,AAPL,Stock,98.5,99.62,98.15,98.45,44477409
2016-10-03,AAPL,Stock,99.56,102.26,99.79,100.26,63865808
2016-10-04,AAPL,Stock,101.04,101.79,101.44,101.63,35319333
2016-10-05,AAPL,Stock,96.96,98.31,96.5,97.1,60502396
2016-10-06,AAPL,Stock,95.58,96.33,93.99,94.76,50629941
2016-10-07,AAPL,Stock,93.9,95.55,92.17,93.94,50719475
2016-10-10,AAPL,Stock,90.69,92.65,91.02,91.11,35403350
2016-10-11,AAPL,Stock,89.37,91.02,88.51,89.73,53075859
2016-10-12,AAPL,Stock,85.92,87.07,86.38,86.45,48004824
2016-10-13,AAPL,Stock,82.95,83.22,82.29,82.93,43132260
2016-10-14,AAPL,Stock,85.73,87.8,85.74,86.36,43601614
2016-10-17,AAPL,Stock,86.75,88.23,86.59,86.69,59330328
2016-10-18,AAPL,Stock,92.01,93.02,92.39,92.47,37916094
2016-10-19,AAPL,Stock,92.24,94.91,93.0,93.07,38534737
2016-10-20,AAPL,Stock,94.61,95.82,95.37,95.5,37273807
2016-10-21,AAPL,Stock,88.19,88.92,88.68,88.76,47368507
2016-10-24,AAPL,Stock,91.74,91.58,91.21,91.37,54244661
2016-10-25,AAPL,Stock,92.22,91.69,91.46,91.55,42510522
2016-10-26,AAPL,Stock,87.41,88.47,87.56,88.19,62958048
2016-10-27,AAPL,Stock,89.11,90.61,88.17,88.86,55936990
2016-10-28,AAPL,Stock,90.66,91.63,89.61,90.36,38122088
2016-10-31,AAPL,Stock,89.43,89.54,88.75,89.26,38241558
2016-11-01,AAPL,Stock,87.9,89.77,87.38,88.78,56441808
2016-11-02,AAPL,Stock,84.69,84.93,84.76,84.89,44374776
2016-11-03,AAPL,Stock,83.95,85.03,82.37,83.77,58916972
2016-11-04,AAPL,Stock,85.77,85.98,85.19,85.49,37497480
2016-11-07,AAPL,Stock,81.04,81.68,81.24,81.49,36832873
2016-11-08,AAPL,Stock,80.65,81.02,80.42,80.97,63694432
2016-11-09,AAPL,Stock,81.67,82.19,80.79,81.35,58572069
2016-11-10,AAPL,Stock,81.49,81.85,81.23,81.46,44882405
2016-11-11,AAPL,Stock,78.13,78.9,77.44,78.39,46960859
2016-11-14,AAPL,Stock,81.04,80.74,80.1,80.43,39224310
2016-11-15,AAPL,Stock,79.52,79.84,79.33,79.44,40088488
2016-11-16,AAPL,Stock,80.48,80.22,79.74,79.97,38309885
2016-11-17,AAPL,Stock,79.06,80.96,78.96,79.36,59731014
2016-11-18,AAPL,Stock,81.45,81.1,80.78,80.9,51214521
2016-11-21,AAPL,Stock,77.57,78.16,76.53,77.6,45746589
2016-11-22,AAPL,Stock,75.25,75.78,73.3,74.69,53963130
2016-11-23,AAPL,Stock,71.38,70.84,70.63,70.67,48937048
2016-11-24,AAPL,Stock,70.7,72.68,69.92,71.16,47825265
2016-11-25,AAPL,Stock,72.73,72.82,72.25,72.39,57344121
2016-11-28,AAPL,Stock,70.09,71.48,70.12,70.7,55190151
2016-11-29,AAPL,Stock,65.21,66.37,65.47,65.65,42526460
2016-11-30,AAPL,Stock,65.48,66.16,65.7,65.98,47167201
2016-12-01,AAPL,Stock,64.31,64.01,63.82,63.94,44248824
2016-12-02,AAPL,Stock,62.78,62.98,62.55,62.87,39318735
2016-12-05,AAPL,Stock,59.52,60.18,59.68,59.74,56775910
2016-12-06,AAPL,Stock,61.25,61.7,61.57,61.62,53433838
2016-12-07,AAPL,Stock,62.22,63.44,61.71,62.74,45284862
2016-12-08,AAPL,Stock,60.54,61.37,60.75,60.99,63888702
2016-12-09,AAPL,Stock,63.06,63.0,62.45,62.68,43086902
2016-12-12,AAPL,Stock,62.77,63.63,62.42,63.05,57372525
2016-12-13,AAPL,Stock,66.62,66.34,65.98,66.09,37746999
2016-12-14,AAPL,Stock,68.91,68.88,68.54,68.7,45859492
2016-12-15,AAPL,Stock,64.59,65.81,64.42,65.08,35248400
2016-12-16,AAPL,Stock,67.82,69.16,67.63,68.12,48011983
2016-12-19,AAPL,Stock,69.98,69.99,69.48,69.82,62974613
2016-12-20,AAPL,Stock,73.53,73.94,73.03,73.42,50801999
2016-12-21,AAPL,Stock,74.28,75.84,73.83,75.02,54344127
2016-12-22,AAPL,Stock,76.78,77.42,76.48,76.73,41660764
2016-12-23,AAPL,Stock,79.19,79.17,78.33,78.75,43989488
2016-12-26,AAPL,Stock,87.27,88.58,86.61,87.31,56771781
2016-12-27,AAPL,Stock,93.24,94.27,92.66,93.33,64858642
2016-12-28,AAPL,Stock,91.42,92.13,90.79,91.27,40391789
2016-12-29,AAPL,Stock,86.63,86.88,86.38,86.88,47322047
2016-12-30,AAPL,Stock,85.96,85.86,84.84,85.2,49069634
2017-01-02,AAPL,Stock,83.69,84.24,83.71,84.02,49330771
2017-01-03,AAPL,Stock,86.58,87.18,86.51,86.93,55095237
2017-01-04,AAPL,Stock,92.87,93.88,92.85,93.34,48234681
2017-01-05,AAPL,Stock,97.67,97.43,96.37,97.12,63166650
2017-01-06,AAPL,Stock,100.2,101.94,99.85,101.02,63272663
2017-01-09,AAPL,Stock,99.5,100.98,99.88,100.29,54657574
2017-01-10,AAPL,Stock,98.16,99.19,98.59,98.88,57893121
2017-01-11,AAPL,Stock,99.08,99.21,97.5,98.28,36625120
2017-01-12,AAPL,Stock,100.97,102.04,100.06,100.89,58635973
2017-01-13,AAPL,Stock,104.76,104.08,103.25,103.91,43307793
2017-01-16,AAPL,Stock,103.72,104.33,103.19,104.32,46216939
2017-01-17,AAPL,Stock,99.99,100.64,99.04,99.82,63582293
2017-01-18,AAPL,Stock,100.86,101.27,99.52,100.16,64266476
2017-01-19,AAPL,Stock,97.77,99.93,98.18,98.66,54569970
2017-01-20,AAPL,Stock,108.32,107.87,106.18,107.51,52394993
2017-01-23,AAPL,Stock,111.23,111.56,109.45,110.53,55263843
2017-01-24,AAPL,Stock,114.41,114.3,112.34,114.15,51993104
2017-01-25,AAPL,Stock,116.01,117.17,114.21,115.84,35522747
2017-01-26,AAPL,Stock,113.48,114.23,111.6,113.03,37031645
2017-01-27,AAPL,Stock,117.7,117.34,115.94,116.8,50454260
2017-01-30,AAPL,Stock,119.0,120.01,118.67,118.78,59780268
2017-01-31,AAPL,Stock,111.72,112.84,111.59,112.81,43191656
2017-02-01,AAPL,Stock,117.66,116.74,116.07,116.55,38317969
2017-02-02,AAPL,Stock,124.33,123.53,122.78,123.4,38398094
2017-02-03,AAPL,Stock,124.77,124.19,123.47,124.02,38320432
2017-02-06,AAPL,Stock,119.76,121.52,120.57,120.96,43351600
2017-02-07,AAPL,Stock,123.37,123.91,121.96,122.52,49590176
2017-02-08,AAPL,Stock,121.94,123.8,121.39,122.57,54739255
2017-02-09,AAPL,Stock,115.38,115.92,115.06,115.17,52483171
2017-02-10,AAPL,Stock,111.55,110.78,109.92,110.56,37582116
2017-02-13,AAPL,Stock,110.45,111.62,110.46,111.24,56780050
2017-02-14,AAPL,Stock,105.78,105.84,105.14,105.48,48211715
2017-02-15,AAPL,Stock,109.46,110.98,108.63,110.22,64789043
2017-02-16,AAPL,Stock,111.69,112.39,110.37,111.74,62804324
2017-02-17,AAPL,Stock,110.74,112.24,111.35,111.45,46026797
2017-02-20,AAPL,Stock,115.56,116.89,114.31,116.16,54583918
2017-02-21,AAPL,Stock,122.87,124.28,122.47,123.42,45838167
2017-02-22,AAPL,Stock,128.06,128.38,126.79,127.58,44283151
2017-02-23,AAPL,Stock,124.38,124.88,122.97,124.12,40379254
2017-02-24,AAPL,Stock,127.51,128.7,126.46,126.93,44580357
2017-02-27,AAPL,Stock,125.66,125.93,124.88,125.08,59741871
2017-02-28,AAPL,Stock,126.78,128.88,126.29,127.65,55439359
2017-03-01,AAPL,Stock,128.05,131.06,127.89,129.16,42445048
2017-03-02,AAPL,Stock,136.98,138.19,137.3,138.0,62720733
2017-03-03,AAPL,Stock,137.13,139.29,134.47,136.72,50714907
2017-03-06,AAPL,Stock,135.52,135.33,132.92,134.51,61581092
2017-03-07,AAPL,Stock,128.73,129.91,126.96,128.55,52506838
2017-03-08,AAPL,Stock,129.23,131.68,129.18,129.79,48952393
2017-03-09,AAPL,Stock,132.62,133.97,131.77,133.02,53756942
2017-03-10,AAPL,Stock,136.11,138.38,132.98,135.63,63047201
2017-03-13,AAPL,Stock,131.45,132.27,129.58,130.81,54764757
2017-03-14,AAPL,Stock,127.84,129.88,126.61,129.07,40227159
2017-03-15,AAPL,Stock,128.62,128.17,127.59,127.87,58779234
2017-03-16,AAPL,Stock,135.65,136.08,134.52,135.62,47063863
2017-03-17,AAPL,Stock,138.1,139.31,138.59,138.66,63718838
2017-03-20,AAPL,Stock,143.76,145.42,143.75,144.68,58335089
2017-03-21,AAPL,Stock,146.03,146.4,144.01,144.94,64522016
2017-03-22,AAPL,Stock,143.41,146.92,143.79,144.45,53031005
2017-03-23,AAPL,Stock,141.91,142.52,138.58,140.62,46370355
2017-03-24,AAPL,Stock,138.15,139.25,138.14,138.86,46156480
2017-03-27,AAPL,Stock,133.65,135.45,134.55,134.61,54202886
2017-03-28,AAPL,Stock,136.85,135.98,135.22,135.82,45888433
2017-03-29,AAPL,Stock,137.81,137.71,136.12,137.37,58432287
2017-03-30,AAPL,Stock,142.56,141.42,140.99,141.31,52554900
2017-03-31,AAPL,Stock,140.78,142.71,141.12,141.37,37506821
2017-04-03,AAPL,Stock,145.23,145.14,144.3,144.61,59639350
2017-04-04,AAPL,Stock,138.4,139.58,138.79,138.8,57997600
2017-04-05,AAPL,Stock,144.59,145.39,141.99,143.34,55379057
2017-04-06,AAPL,Stock,142.53,143.5,143.05,143.16,39012028
2017-04-07,AAPL,Stock,135.78,138.66,135.47,136.28,47858475
2017-04-10,AAPL,Stock,136.27,136.79,135.03,136.2,46527801
2017-04-11,AAPL,Stock,136.05,136.76,134.86,136.05,45511626
2017-04-12,AAPL,Stock,139.78,140.59,135.45,138.42,36099724
2017-04-13,AAPL,Stock,143.95,145.49,143.29,143.44,58679485
2017-04-14,AAPL,Stock,149.09,149.81,148.21,149.0,40074920
2017-04-17,AAPL,Stock,154.37,156.24,152.04,153.82,42408253
2017-04-18,AAPL,Stock,155.18,157.72,152.26,154.85,63649287
2017-04-19,AAPL,Stock,160.37,162.58,161.17,161.6,54637836
2017-04-20,AAPL,Stock,166.9,167.07,165.36,166.25,49915072
2017-04-21,AAPL,Stock,158.1,159.65,157.39,158.93,48106372
2017-04-24,AAPL,Stock,160.39,160.88,158.24,160.12,41224608
2017-04-25,AAPL,Stock,166.07,166.13,163.14,165.09,46041029
2017-04-26,AAPL,Stock,165.74,166.29,163.2,165.42,37374898
2017-04-27,AAPL,Stock,162.74,163.58,162.64,162.95,35745865
2017-04-28,AAPL,Stock,162.31,164.45,160.8,162.63,60743445
2017-05-01,AAPL,Stock,164.49,164.31,161.9,163.21,43078141
2017-05-02,AAPL,Stock,166.82,168.66,166.28,167.67,61267861
2017-05-03,AAPL,Stock,164.43,168.98,165.34,165.88,51078761
2017-05-04,AAPL,Stock,166.35,169.99,163.57,167.28,48257664
2017-05-05,AAPL,Stock,162.73,164.57,160.51,161.43,49932856
2017-05-08,AAPL,Stock,166.89,166.65,165.62,165.95,40390719
2017-05-09,AAPL,Stock,163.33,164.59,161.05,162.4,57051461
2017-05-10,AAPL,Stock,157.27,157.79,155.43,156.65,37294659
2017-05-11,AAPL,Stock,152.96,154.91,151.38,153.75,54290627
2017-05-12,AAPL,Stock,148.74,147.69,145.3,147.51,53597240
2017-05-15,AAPL,Stock,144.84,147.96,144.54,145.99,56960922
2017-05-16,AAPL,Stock,138.0,139.73,138.44,138.54,42084715
2017-05-17,AAPL,Stock,132.12,133.61,129.75,131.6,48108802
2017-05-18,AAPL,Stock,138.61,137.92,137.1,137.32,46120129
2017-05-19,AAPL,Stock,130.47,131.32,128.8,129.29,61522379
2017-05-22,AAPL,Stock,127.14,128.53,128.26,128.27,51923520
2017-05-23,AAPL,Stock,123.81,126.16,124.54,125.03,39940100
2017-05-24,AAPL,Stock,118.92,121.19,118.11,119.16,55612201
2017-05-25,AAPL,Stock,123.17,123.31,121.46,122.26,63991422
2017-05-26,AAPL,Stock,127.03,128.04,124.05,126.03,61492388
2017-05-29,AAPL,Stock,129.16,128.17,126.25,127.95,51355583
2017-05-30,AAPL,Stock,130.07,130.67,129.24,129.92,37264704
2017-05-31,AAPL,Stock,134.06,135.24,132.53,134.14,58637214
2017-06-01,AAPL,Stock,132.97,134.21,132.24,134.03,46776918
2017-06-02,AAPL,Stock,132.08,134.53,129.56,131.74,58855447
2017-06-05,AAPL,Stock,127.41,127.74,125.62,126.16,52681566
2017-06-06,AAPL,Stock,127.51,129.79,127.78,128.7,47628336
2017-06-07,AAPL,Stock,131.83,132.97,129.41,131.06,44956370
2017-06-08,AAPL,Stock,131.42,133.0,131.78,132.64,41644466
2017-06-09,AAPL,Stock,134.2,135.74,134.08,135.32,57421136
2017-06-12,AAPL,Stock,129.64,131.15,128.19,130.07,51908394
2017-06-13,AAPL,Stock,123.76,125.15,123.19,123.21,39061458
2017-06-14,AAPL,Stock,123.71,122.98,121.74,122.75,60354699
2017-06-15,AAPL,Stock,121.23,123.21,119.28,121.36,46633917
2017-06-16,AAPL,Stock,123.99,123.67,123.35,123.66,63540652
2017-06-19,AAPL,Stock,118.85,120.79,117.14,119.06,53911194
2017-06-20,AAPL,Stock,131.14,130.78,129.87,129.88,53807071
2017-06-21,AAPL,Stock,130.85,130.91,128.86,129.62,51876400
2017-06-22,AAPL,Stock,127.76,127.07,124.93,126.76,37655473
2017-06-23,AAPL,Stock,129.77,130.51,127.95,129.87,47365718
2017-06-26,AAPL,Stock,127.24,126.92,125.07,126.68,58929108
2017-06-27,AAPL,Stock,126.51,127.83,125.01,126.16,54569804
2017-06-28,AAPL,Stock,116.39,116.5,114.0,115.89,64611731
2017-06-29,AAPL,Stock,114.93,114.99,114.41,114.44,45533758
2017-06-30,AAPL,Stock,116.64,117.23,116.33,117.03,62144826
2017-07-03,AAPL,Stock,120.05,121.36,120.61,121.22,63465367
2017-07-04,AAPL,Stock,117.11,117.61,115.44,116.58,64114041
2017-07-05,AAPL,Stock,115.03,115.38,114.34,114.57,36249085
2017-07-06,AAPL,Stock,118.35,118.66,116.52,117.82,55797145
2017-07-07,AAPL,Stock,120.84,121.44,119.51,120.05,63341318
2017-07-10,AAPL,Stock,121.15,122.36,120.38,121.53,64460153
2017-07-11,AAPL,Stock,123.94,125.25,122.92,124.11,50794472
2017-07-12,AAPL,Stock,127.71,129.26,128.1,128.8,48714340
2017-07-13,AAPL,Stock,131.11,133.21,127.48,130.3,35307296
2017-07-14,AAPL,Stock,128.52,129.86,127.65,128.12,44990092
2017-07-17,AAPL,Stock,133.43,135.29,131.11,133.44,46946202
2017-07-18,AAPL,Stock,132.39,134.31,132.13,132.51,42378128
2017-07-19,AAPL,Stock,128.64,129.43,127.87,128.85,62464044
2017-07-20,AAPL,Stock,132.39,133.06,129.88,132.08,46908646
2017-07-21,AAPL,Stock,127.08,127.0,125.05,126.65,61437727
2017-07-24,AAPL,Stock,131.15,132.62,131.75,131.98,45795478
2017-07-25,AAPL,Stock,133.03,136.95,131.34,134.36,52025468
2017-07-26,AAPL,Stock,139.01,139.9,135.8,138.03,53955985
2017-07-27,AAPL,Stock,133.55,136.26,134.28,134.75,48270018
2017-07-28,AAPL,Stock,133.93,135.02,134.75,134.83,57483514
2017-07-31,AAPL,Stock,133.53,133.89,133.26,133.37,52981830
2017-08-01,AAPL,Stock,143.75,143.75,140.47,142.75,64850446
2017-08-02,AAPL,Stock,139.18,138.64,137.25,138.46,44459410
2017-08-03,AAPL,Stock,141.2,144.16,141.1,141.72,44648547
2017-08-04,AAPL,Stock,142.09,141.95,140.83,141.29,40163469
2017-08-07,AAPL,Stock,156.94,159.07,157.31,157.42,36633097
2017-08-08,AAPL,Stock,160.02,160.82,158.83,159.41,42767362
2017-08-09,AAPL,Stock,154.55,157.35,154.01,155.98,39839042
2017-08-10,AAPL,Stock,153.36,154.91,154.46,154.56,40292675
2017-08-11,AAPL,Stock,161.57,163.53,162.1,162.12,55822543
2017-08-14,AAPL,Stock,173.22,173.88,171.91,172.6,54169676
2017-08-15,AAPL,Stock,167.56,170.11,165.22,168.8,50321169
2017-08-16,AAPL,Stock,171.86,172.39,169.7,171.47,52053266
2017-08-17,AAPL,Stock,172.14,171.47,169.36,171.15,53208008
2017-08-18,AAPL,Stock,170.32,170.75,168.35,170.0,46592725
2017-08-21,AAPL,Stock,160.28,163.74,160.19,161.6,57947093
2017-08-22,AAPL,Stock,164.69,165.19,164.14,164.3,63695215
2017-08-23,AAPL,Stock,166.74,167.6,165.55,167.44,51613839
2017-08-24,AAPL,Stock,159.24,162.56,158.25,160.14,61351744
2017-08-25,AAPL,Stock,159.22,159.56,157.54,157.98,53074081
2017-08-28,AAPL,Stock,156.26,157.55,154.05,156.23,63909504
2017-08-29,AAPL,Stock,154.16,153.32,152.29,153.02,38642448
2017-08-30,AAPL,Stock,154.98,157.53,154.43,154.86,49175810
2017-08-31,AAPL,Stock,143.04,144.86,143.51,144.17,35050214
2017-09-01,AAPL,Stock,150.17,150.27,149.89,150.02,53417562
2017-09-04,AAPL,Stock,150.11,150.56,148.66,149.41,61171150
2017-09-05,AAPL,Stock,156.44,156.39,155.04,155.56,50901042
2017-09-06,AAPL,Stock,163.58,165.34,162.6,162.87,54568970
2017-09-07,AAPL,Stock,169.57,170.14,168.5,169.33,53158984
2017-09-08,AAPL,Stock,175.76,177.95,176.09,177.12,40373037
2017-09-11,AAPL,Stock,174.96,176.39,172.49,174.88,52186156
2017-09-12,AAPL,Stock,176.72,176.6,174.5,175.97,43332932
2017-09-13,AAPL,Stock,182.26,184.04,180.06,183.6,60353467
2017-09-14,AAPL,Stock,175.79,178.53,174.8,177.07,58420011
2017-09-15,AAPL,Stock,176.53,177.41,173.56,175.46,41984832
2017-09-18,AAPL,Stock,170.66,172.99,170.15,170.33,54965183
2017-09-19,AAPL,Stock,168.73,169.97,168.0,168.9,40773837
2017-09-20,AAPL,Stock,168.74,170.45,168.7,169.68,37925912
2017-09-21,AAPL,Stock,180.67,179.54,178.21,179.04,46455865
2017-09-22,AAPL,Stock,181.34,182.65,180.11,182.35,63562509
2017-09-25,AAPL,Stock,176.65,176.13,174.63,176.02,37239239
2017-09-26,AAPL,Stock,181.27,183.02,179.16,181.24,63446110
2017-09-27,AAPL,Stock,181.54,182.84,177.15,180.14,50008779
2017-09-28,AAPL,Stock,176.37,175.12,174.27,175.08,38721924
2017-09-29,AAPL,Stock,171.47,171.13,167.23,170.7,35885277
2017-10-02,AAPL,Stock,164.06,165.15,163.67,164.8,42337851
2017-10-03,AAPL,Stock,157.09,159.06,155.59,156.57,48134497
2017-10-04,AAPL,Stock,148.76,148.86,146.08,147.69,53413095
2017-10-05,AAPL,Stock,145.04,147.59,144.92,145.69,44824558
2017-10-06,AAPL,Stock,142.92,142.23,141.54,142.17,62308256
2017-10-09,AAPL,Stock,143.3,144.75,143.77,143.8,51921703
2017-10-10,AAPL,Stock,151.87,153.19,151.16,151.58,49249664
2017-10-11,AAPL,Stock,144.07,144.73,142.56,144.24,36100653
2017-10-12,AAPL,Stock,134.68,134.52,132.97,134.03,62649371
2017-10-13,AAPL,Stock,128.84,129.48,128.49,128.96,38473947
2017-10-16,AAPL,Stock,125.73,127.66,124.75,127.0,52796039
2017-10-17,AAPL,Stock,124.94,125.17,121.49,124.09,52150973
2017-10-18,AAPL,Stock,133.84,132.84,131.15,132.76,59986705
2017-10-19,AAPL,Stock,138.0,137.8,135.64,137.78,57233094
2017-10-20,AAPL,Stock,140.82,143.26,140.79,141.8,45540671
2017-10-23,AAPL,Stock,145.17,146.61,145.93,146.56,48854700
2017-10-24,AAPL,Stock,152.27,153.56,149.29,151.08,48574679
2017-10-25,AAPL,Stock,145.73,147.47,145.97,146.48,57452237
2017-10-26,AAPL,Stock,153.59,152.77,152.02,152.24,47113809
2017-10-27,AAPL,Stock,148.4,148.87,147.16,148.04,51756116
2017-10-30,AAPL,Stock,148.2,151.73,148.32,149.52,50945694
2017-10-31,AAPL,Stock,154.26,156.38,152.3,152.97,40215634
2017-11-01,AAPL,Stock,145.55,146.81,145.31,145.92,55377287
2017-11-02,AAPL,Stock,144.62,145.24,144.02,144.41,63223419
2017-11-03,AAPL,Stock,146.01,147.92,146.04,147.3,36113389
2017-11-06,AAPL,Stock,138.27,138.01,137.05,137.06,63280292
2017-11-07,AAPL,Stock,143.5,143.6,142.68,143.23,42418361
2017-11-08,AAPL,Stock,141.26,143.73,141.62,142.65,59598115
2017-11-09,AAPL,Stock,151.54,151.87,151.5,151.55,56155395
2017-11-10,AAPL,Stock,151.37,151.29,150.53,150.84,46537197
2017-11-13,AAPL,Stock,150.6,150.38,148.54,149.93,37197434
2017-11-14,AAPL,Stock,139.9,143.33,139.25,140.75,47345554
2017-11-15,AAPL,Stock,141.79,143.77,141.66,142.99,63864432
2017-11-16,AAPL,Stock,139.32,140.79,137.57,140.01,48854832
2017-11-17,AAPL,Stock,137.78,137.01,135.17,136.85,61343561
2017-11-20,AAPL,Stock,133.16,133.4,133.03,133.33,39345446
2017-11-21,AAPL,Stock,140.42,140.8,138.31,139.46,53610572
2017-11-22,AAPL,Stock,136.64,137.39,135.6,136.48,40296209
2017-11-23,AAPL,Stock,133.19,133.8,131.04,132.11,38060520
2017-11-24,AAPL,Stock,135.85,137.12,134.63,136.1,57633606
2017-11-27,AAPL,Stock,136.09,137.55,135.86,136.61,54381360
2017-11-28,AAPL,Stock,134.54,136.06,134.8,135.45,58933382
2017-11-29,AAPL,Stock,131.51,132.86,129.97,131.6,37098026
2017-11-30,AAPL,Stock,140.03,142.05,139.21,139.27,63658798
2017-12-01,AAPL,Stock,136.22,136.18,133.39,135.0,61341918
2017-12-04,AAPL,Stock,131.42,130.29,128.51,130.12,35313299
2017-12-05,AAPL,Stock,132.65,136.4,133.07,133.99,43853715
2017-12-06,AAPL,Stock,138.21,138.34,136.68,136.91,57274842
2017-12-07,AAPL,Stock,143.33,143.28,141.34,142.32,45570012
2017-12-08,AAPL,Stock,152.17,153.39,150.73,151.35,50926697
2017-12-11,AAPL,Stock,148.56,148.09,145.85,147.11,51609831
2017-12-12,AAPL,Stock,138.76,141.58,138.29,139.8,61247291
2017-12-13,AAPL,Stock,137.41,139.64,136.67,137.78,56263265
2017-12-14,AAPL,Stock,136.82,139.63,136.01,136.28,52054146
2017-12-15,AAPL,Stock,134.0,134.07,132.4,133.15,37858932
2017-12-18,AAPL,Stock,139.92,138.99,137.76,138.7,38500281
2017-12-19,AAPL,Stock,143.22,144.67,141.19,143.18,43558716
2017-12-20,AAPL,Stock,140.71,141.25,138.64,140.11,52124150
2017-12-21,AAPL,Stock,138.06,138.75,138.59,138.65,41778151
2017-12-22,AAPL,Stock,140.06,143.57,140.87,141.03,46299528
2017-12-25,AAPL,Stock,138.11,141.69,137.92,139.22,61385261
2017-12-26,AAPL,Stock,134.33,135.37,134.19,134.91,58811427
2017-12-27,AAPL,Stock,133.27,135.5,132.26,134.31,38466333
2017-12-28,AAPL,Stock,132.36,133.17,133.0,133.07,37480857
2017-12-29,AAPL,Stock,129.5,130.98,130.49,130.73,39253043
2018-01-01,AAPL,Stock,127.99,128.44,126.48,128.04,61985662
2018-01-02,AAPL,Stock,125.87,129.24,124.81,127.12,57955374
2018-01-03,AAPL,Stock,131.98,133.37,130.26,132.2,52111879
2018-01-04,AAPL,Stock,130.15,131.28,129.41,130.2,37349259
2018-01-05,AAPL,Stock,131.37,131.97,131.03,131.58,45312647
2018-01-08,AAPL,Stock,129.12,129.77,126.58,128.73,53142371
2018-01-09,AAPL,Stock,134.76,136.52,135.15,135.82,64631518
2018-01-10,AAPL,Stock,141.88,143.44,139.88,140.7,64541307
2018-01-11,AAPL,Stock,135.47,137.26,135.06,136.8,62867001
2018-01-12,AAPL,Stock,132.91,132.87,131.97,132.68,55004053
2018-01-15,AAPL,Stock,131.83,133.14,129.61,131.07,62959978
2018-01-16,AAPL,Stock,125.8,126.22,123.5,125.48,54989353
2018-01-17,AAPL,Stock,123.53,125.71,122.33,123.85,54423624
2018-01-18,AAPL,Stock,121.55,123.22,119.37,121.22,47349068
2018-01-19,AAPL,Stock,117.86,117.81,115.36,117.07,54436186
2018-01-22,AAPL,Stock,109.71,109.98,109.2,109.49,64325024
2018-01-23,AAPL,Stock,106.58,107.59,106.97,107.18,49856403
2018-01-24,AAPL,Stock,110.48,111.47,110.53,111.08,39910774
2018-01-25,AAPL,Stock,104.74,104.6,103.42,104.29,41706487
2018-01-26,AAPL,Stock,110.65,111.12,108.02,109.56,45165387
2018-01-29,AAPL,Stock,108.84,109.87,109.63,109.7,59516977
2018-01-30,AAPL,Stock,108.77,108.99,108.16,108.85,46928208
2018-01-31,AAPL,Stock,114.57,115.79,114.86,115.35,61405891
2018-02-01,AAPL,Stock,112.88,114.44,113.08,113.13,57817376
2018-02-02,AAPL,Stock,115.8,114.86,113.79,114.81,55544790
2018-02-05,AAPL,Stock,109.17,109.17,107.24,108.31,55762415
2018-02-06,AAPL,Stock,111.0,112.18,109.03,110.67,54516114
2018-02-07,AAPL,Stock,110.84,111.04,110.94,110.96,46740736
2018-02-08,AAPL,Stock,113.41,114.61,112.3,113.77,41518314
2018-02-09,AAPL,Stock,117.26,117.72,116.4,117.17,51513736
2018-02-12,AAPL,Stock,119.56,121.69,120.06,120.28,37627155
2018-02-13,AAPL,Stock,120.22,119.88,118.95,119.48,43463438
2018-02-14,AAPL,Stock,117.62,118.15,116.31,117.17,43584133
2018-02-15,AAPL,Stock,117.13,119.75,115.63,117.81,58623594
2018-02-16,AAPL,Stock,118.37,121.23,117.09,119.23,37132080
2018-02-19,AAPL,Stock,117.09,116.63,115.65,116.37,47550660
2018-02-20,AAPL,Stock,111.03,111.97,109.79,110.56,62869338
2018-02-21,AAPL,Stock,113.44,112.76,112.53,112.56,61557508
2018-02-22,AAPL,Stock,112.52,112.98,111.67,112.94,45461339
2018-02-23,AAPL,Stock,116.94,116.94,115.81,116.25,43522605
2018-02-26,AAPL,Stock,124.06,127.42,123.03,124.82,37081954
2018-02-27,AAPL,Stock,130.32,130.41,128.77,129.33,62008906
2018-02-28,AAPL,Stock,128.15,129.83,126.89,128.73,38344167
2018-03-01,AAPL,Stock,126.75,126.72,126.0,126.4,49622502
2018-03-02,AAPL,Stock,130.8,132.79,131.16,131.62,57887297
2018-03-05,AAPL,Stock,128.18,131.19,127.78,128.84,39240155
2018-03-06,AAPL,Stock,127.29,127.22,125.2,126.27,64719414
2018-03-07,AAPL,Stock,125.06,127.19,124.79,125.66,49197684
2018-03-08,AAPL,Stock,128.05,127.81,127.01,127.17,39928763
2018-03-09,AAPL,Stock,125.03,126.3,125.66,125.69,38990833
2018-03-12,AAPL,Stock,131.37,133.34,130.59,132.16,57311731
2018-03-13,AAPL,Stock,127.55,128.02,126.9,127.26,36253108
2018-03-14,AAPL,Stock,123.61,125.58,123.03,124.58,50270279
2018-03-15,AAPL,Stock,128.51,129.91,126.66,128.14,47029822
2018-03-16,AAPL,Stock,124.07,123.71,121.77,123.33,61576195
2018-03-19,AAPL,Stock,122.26,123.0,120.52,121.37,36411129
2018-03-20,AAPL,Stock,117.77,119.24,116.89,117.98,58490833
2018-03-21,AAPL,Stock,113.19,115.05,112.21,114.33,62921485
2018-03-22,AAPL,Stock,107.44,108.85,106.96,108.49,35258337
2018-03-23,AAPL,Stock,108.26,109.84,109.03,109.3,40282194
2018-03-26,AAPL,Stock,111.18,112.43,110.85,112.09,42747640
2018-03-27,AAPL,Stock,103.24,103.85,102.69,102.97,47907910
2018-03-28,AAPL,Stock,107.33,107.39,106.16,107.01,59985587
2018-03-29,AAPL,Stock,112.85,114.78,112.64,113.84,61330245
2018-03-30,AAPL,Stock,115.13,115.08,113.9,114.42,35324830
2018-04-02,AAPL,Stock,111.07,111.92,108.74,111.34,39438421
2018-04-03,AAPL,Stock,116.53,117.8,116.24,117.07,54872376
2018-04-04,AAPL,Stock,123.56,125.95,123.7,124.26,38677651
2018-04-05,AAPL,Stock,127.58,128.61,127.12,127.16,53904119
2018-04-06,AAPL,Stock,126.81,128.8,126.83,127.63,36611338
2018-04-09,AAPL,Stock,134.04,133.54,132.8,132.81,54066978
2018-04-10,AAPL,Stock,124.56,126.04,124.45,124.81,37218136
2018-04-11,AAPL,Stock,119.3,120.22,118.29,119.78,35286781
2018-04-12,AAPL,Stock,118.44,119.62,118.8,119.35,62829943
2018-04-13,AAPL,Stock,129.01,130.03,128.67,129.55,59792393
2018-04-16,AAPL,Stock,136.99,136.31,133.45,136.21,63921344
2018-04-17,AAPL,Stock,130.98,132.0,131.02,131.37,43878251
2018-04-18,AAPL,Stock,129.47,130.98,128.14,129.87,37514806
2018-04-19,AAPL,Stock,127.33,128.28,126.53,127.15,58424798
2018-04-20,AAPL,Stock,129.49,129.98,126.45,128.43,52652583
2018-04-23,AAPL,Stock,130.69,131.86,131.4,131.51,63632181
2018-04-24,AAPL,Stock,137.1,140.62,135.85,138.29,64081886
2018-04-25,AAPL,Stock,139.98,140.93,138.37,139.95,43486534
2018-04-26,AAPL,Stock,146.47,145.86,144.25,145.04,64706305
2018-04-27,AAPL,Stock,135.85,137.18,136.46,136.72,44752176
2018-04-30,AAPL,Stock,139.84,140.97,140.36,140.55,60131802
2018-05-01,AAPL,Stock,143.33,142.73,139.54,142.05,50352895
2018-05-02,AAPL,Stock,133.8,134.07,131.72,133.38,48839321
2018-05-03,AAPL,Stock,136.99,137.29,135.98,136.61,38643811
2018-05-04,AAPL,Stock,139.38,140.77,136.05,138.21,52767962
2018-05-07,AAPL,Stock,138.65,138.31,136.59,137.77,56307296
2018-05-08,AAPL,Stock,145.81,147.74,144.68,146.0,47396708
2018-05-09,AAPL,Stock,151.65,155.49,150.84,153.01,58577759
2018-05-10,AAPL,Stock,155.51,158.17,155.22,156.52,37588919
2018-05-11,AAPL,Stock,155.86,155.92,154.6,155.23,49964879
2018-05-14,AAPL,Stock,153.06,155.73,152.45,154.04,46552464
2018-05-15,AAPL,Stock,148.5,150.12,148.27,149.44,42118587
2018-05-16,AAPL,Stock,146.88,145.95,145.33,145.65,41881209
2018-05-17,AAPL,Stock,139.39,140.84,137.03,139.06,57003488
2018-05-18,AAPL,Stock,132.82,134.27,133.39,133.74,35938763
2018-05-21,AAPL,Stock,130.85,131.42,130.67,131.02,58961692
2018-05-22,AAPL,Stock,124.84,125.31,123.81,124.38,64764641
2018-05-23,AAPL,Stock,126.01,126.7,125.08,125.91,42067524
2018-05-24,AAPL,Stock,124.97,125.26,124.14,124.86,56801513
2018-05-25,AAPL,Stock,116.82,118.2,116.25,117.24,61340031
2018-05-28,AAPL,Stock,119.72,120.62,118.49,119.18,35798127
2018-05-29,AAPL,Stock,121.51,122.15,118.92,120.35,38894664
2018-05-30,AAPL,Stock,119.26,121.23,118.82,119.11,45949971
2018-05-31,AAPL,Stock,124.81,127.77,125.56,125.91,62380978
2018-06-01,AAPL,Stock,120.35,121.27,118.62,120.1,54986274
2018-06-04,AAPL,Stock,115.95,116.01,115.5,115.93,60882551
2018-06-05,AAPL,Stock,114.86,114.42,113.16,113.85,49854029
2018-06-06,AAPL,Stock,109.34,109.34,107.76,109.15,35407666
2018-06-07,AAPL,Stock,111.03,113.35,110.74,111.99,57180772
2018-06-08,AAPL,Stock,110.85,112.99,109.72,111.53,41707666
2018-06-11,AAPL,Stock,113.0,113.77,112.44,113.42,38989997
2018-06-12,AAPL,Stock,111.74,112.03,110.44,110.84,39120415
2018-06-13,AAPL,Stock,109.06,109.25,108.26,108.56,49572537
2018-06-14,AAPL,Stock,114.49,114.9,112.61,113.42,38267421
2018-06-15,AAPL,Stock,116.39,117.11,116.1,116.24,48442467
2018-06-18,AAPL,Stock,114.77,116.16,114.04,115.36,49532784
2018-06-19,AAPL,Stock,104.6,105.0,104.57,104.96,58013185
2018-06-20,AAPL,Stock,105.39,106.15,104.34,105.75,43832659
2018-06-21,AAPL,Stock,116.26,116.68,115.08,115.84,57558686
2018-06-22,AAPL,Stock,121.0,123.84,119.57,122.04,46130562
2018-06-25,AAPL,Stock,129.23,128.78,127.58,128.13,57811635
2018-06-26,AAPL,Stock,131.02,131.86,130.04,130.07,50809482
2018-06-27,AAPL,Stock,133.02,134.44,132.96,133.41,35050366
2018-06-28,AAPL,Stock,136.03,137.19,136.79,136.88,35968539
2018-06-29,AAPL,Stock,139.95,141.51,141.1,141.15,57326476
2018-07-02,AAPL,Stock,140.28,142.93,140.31,141.51,51946724
2018-07-03,AAPL,Stock,139.88,140.66,139.84,140.33,45776429
2018-07-04,AAPL,Stock,144.73,145.52,144.81,145.38,36479151
2018-07-05,AAPL,Stock,147.22,147.17,143.74,145.82,59361748
2018-07-06,AAPL,Stock,149.34,151.16,147.64,149.23,35677316
2018-07-09,AAPL,Stock,150.47,150.63,149.5,150.57,61555855
2018-07-10,AAPL,Stock,149.43,151.23,149.49,150.46,53402021
2018-07-11,AAPL,Stock,146.24,145.66,144.1,145.4,55185026
2018-07-12,AAPL,Stock,138.73,141.33,136.16,139.08,37388036
2018-07-13,AAPL,Stock,144.43,144.07,142.76,143.55,55457232
2018-07-16,AAPL,Stock,135.43,134.48,132.82,134.47,36727144
2018-07-17,AAPL,Stock,139.8,139.91,138.52,138.7,57219163
2018-07-18,AAPL,Stock,141.88,141.34,140.16,141.14,54863801
2018-07-19,AAPL,Stock,135.81,135.71,133.93,135.36,44794230
2018-07-20,AAPL,Stock,132.26,131.36,130.99,131.34,62715850
2018-07-23,AAPL,Stock,136.41,137.48,135.69,136.77,53633591
2018-07-24,AAPL,Stock,137.01,137.94,136.96,137.31,54219295
2018-07-25,AAPL,Stock,142.53,142.29,138.67,141.28,60342457
2018-07-26,AAPL,Stock,148.73,150.84,144.37,147.94,64864165
2018-07-27,AAPL,Stock,152.86,154.62,150.49,151.38,49732796
2018-07-30,AAPL,Stock,157.67,157.81,155.86,156.37,64132940
2018-07-31,AAPL,Stock,154.55,157.16,154.21,154.68,64821155
2018-08-01,AAPL,Stock,157.1,156.51,155.16,155.85,42577693
2018-08-02,AAPL,Stock,148.45,149.62,147.78,148.74,43686778
2018-08-03,AAPL,Stock,153.97,153.5,152.04,152.82,47856405
2018-08-06,AAPL,Stock,159.7,159.6,158.41,158.88,62092367
2018-08-07,AAPL,Stock,160.1,161.45,159.41,160.57,40754597
2018-08-08,AAPL,Stock,160.52,162.53,156.87,159.15,45880578
2018-08-09,AAPL,Stock,160.95,160.51,158.45,159.58,53024474
2018-08-10,AAPL,Stock,151.35,153.25,151.53,152.32,55145282
2018-08-13,AAPL,Stock,148.12,149.06,146.48,147.85,42479899
2018-08-14,AAPL,Stock,151.18,150.81,149.32,150.01,43574857
2018-08-15,AAPL,Stock,153.4,152.2,151.71,152.03,42499500
2018-08-16,AAPL,Stock,149.64,151.8,149.46,150.42,53470898
2018-08-17,AAPL,Stock,159.36,161.33,157.7,159.88,37511548
2018-08-20,AAPL,Stock,159.18,160.2,158.98,159.05,56442914
2018-08-21,AAPL,Stock,162.49,165.09,161.93,162.8,63149814
2018-08-22,AAPL,Stock,163.84,163.28,161.78,163.25,50129250
2018-08-23,AAPL,Stock,158.72,157.98,155.77,157.47,64113477
2018-08-24,AAPL,Stock,145.6,145.41,144.36,144.76,52109365
2018-08-27,AAPL,Stock,136.93,138.27,135.57,136.87,45708986
2018-08-28,AAPL,Stock,138.56,140.42,139.0,139.22,55699153
2018-08-29,AAPL,Stock,144.65,145.97,143.62,144.46,57965878
2018-08-30,AAPL,Stock,148.67,150.57,148.79,149.46,55848678
2018-08-31,AAPL,Stock,152.5,153.62,152.01,153.0,41293822
2018-09-03,AAPL,Stock,148.44,147.65,146.44,147.08,42345213
2018-09-04,AAPL,Stock,148.41,151.18,148.73,149.28,40076629
2018-09-05,AAPL,Stock,138.78,139.64,137.51,137.58,50072503
2018-09-06,AAPL,Stock,136.94,139.29,137.12,137.93,42008277
2018-09-07,AAPL,Stock,133.83,136.46,132.54,134.36,46871153
2018-09-10,AAPL,Stock,130.51,132.56,128.9,130.65,59964599
2018-09-11,AAPL,Stock,140.85,140.83,138.43,139.76,60739923
2018-09-12,AAPL,Stock,137.55,139.14,138.11,138.53,58594943
2018-09-13,AAPL,Stock,139.7,140.45,138.76,139.96,54646975
2018-09-14,AAPL,Stock,147.51,147.31,146.67,146.92,59750508
2018-09-17,AAPL,Stock,137.76,137.38,135.28,136.45,44892942
2018-09-18,AAPL,Stock,134.82,135.8,134.15,135.03,60540487
2018-09-19,AAPL,Stock,128.95,130.1,128.94,129.01,61345178
2018-09-20,AAPL,Stock,122.8,123.74,122.38,123.04,53771127
2018-09-21,AAPL,Stock,119.09,119.84,118.25,119.41,46210994
2018-09-24,AAPL,Stock,116.95,116.9,115.27,116.1,39471714
2018-09-25,AAPL,Stock,114.68,116.11,113.28,114.62,42088644
2018-09-26,AAPL,Stock,115.27,116.69,115.68,115.78,42279671
2018-09-27,AAPL,Stock,119.2,120.92,118.12,119.48,58084720
2018-09-28,AAPL,Stock,122.38,122.24,121.66,121.76,57614545
2018-10-01,AAPL,Stock,117.03,117.34,115.04,116.02,62561504
2018-10-02,AAPL,Stock,120.53,121.17,120.17,120.82,52026573
2018-10-03,AAPL,Stock,123.44,123.45,123.08,123.28,49468120
2018-10-04,AAPL,Stock,123.5,124.83,122.28,123.4,44731328
2018-10-05,AAPL,Stock,125.22,125.59,123.83,125.5,57610551
2018-10-08,AAPL,Stock,125.32,126.52,125.08,126.04,36920796
2018-10-09,AAPL,Stock,134.5,135.62,132.17,133.39,62020610
2018-10-10,AAPL,Stock,127.98,128.75,128.62,128.64,46967941
2018-10-11,AAPL,Stock,128.78,132.15,129.05,129.84,54440365
2018-10-12,AAPL,Stock,132.87,132.71,130.97,132.1,46200029
2018-10-15,AAPL,Stock,132.2,134.07,131.53,132.76,50001067
2018-10-16,AAPL,Stock,122.08,122.54,120.45,121.82,50873521
2018-10-17,AAPL,Stock,132.2,134.55,131.15,132.51,38804159
2018-10-18,AAPL,Stock,122.92,123.95,122.85,123.33,63201744
2018-10-19,AAPL,Stock,126.46,128.28,124.68,125.52,48492756
2018-10-22,AAPL,Stock,124.22,125.0,123.7,123.81,59820797
2018-10-23,AAPL,Stock,123.21,125.5,120.89,123.48,56041654
2018-10-24,AAPL,Stock,120.16,121.23,120.97,121.04,42231265
2018-10-25,AAPL,Stock,118.33,118.22,117.63,118.21,60556754
2018-10-26,AAPL,Stock,124.45,124.29,122.91,123.57,41987152
2018-10-29,AAPL,Stock,130.42,131.47,128.48,130.89,56177679
2018-10-30,AAPL,Stock,130.84,133.03,129.55,131.17,40398076
2018-10-31,AAPL,Stock,131.78,135.36,131.09,132.96,37485839
2018-11-01,AAPL,Stock,135.87,137.78,135.41,136.95,35520847
2018-11-02,AAPL,Stock,128.45,131.15,127.87,129.69,55958979
2018-11-05,AAPL,Stock,142.18,142.9,141.89,142.57,46678944
2018-11-06,AAPL,Stock,134.56,135.32,132.07,134.18,61918520
2018-11-07,AAPL,Stock,135.81,137.0,133.33,135.32,45797571
2018-11-08,AAPL,Stock,142.22,141.52,139.58,141.37,46954687
2018-11-09,AAPL,Stock,138.64,138.91,138.06,138.19,64640575
2018-11-12,AAPL,Stock,133.76,135.24,134.7,134.72,59777220
2018-11-13,AAPL,Stock,135.31,139.31,135.91,136.65,43334877
2018-11-14,AAPL,Stock,130.46,132.43,129.86,130.31,56624054
2018-11-15,AAPL,Stock,128.18,128.59,127.96,128.24,53346766
2018-11-16,AAPL,Stock,131.72,132.12,129.0,130.5,54296073
2018-11-19,AAPL,Stock,133.72,132.87,130.44,132.87,46088101
2018-11-20,AAPL,Stock,136.35,138.0,136.55,137.38,48819727
2018-11-21,AAPL,Stock,145.24,145.53,143.39,144.52,60916903
2018-11-22,AAPL,Stock,147.94,148.61,147.89,148.1,53507065
2018-11-23,AAPL,Stock,151.12,151.37,150.28,151.01,43574931
2018-11-26,AAPL,Stock,147.93,151.46,147.87,149.25,39577494
2018-11-27,AAPL,Stock,141.36,143.54,141.36,142.03,42116456
2018-11-28,AAPL,Stock,144.19,144.97,141.83,142.99,54712621
2018-11-29,AAPL,Stock,136.48,135.75,134.32,135.32,37592380
2018-11-30,AAPL,Stock,133.54,135.2,133.9,134.86,47827067
2018-12-03,AAPL,Stock,142.15,141.17,140.44,140.88,40243120
2018-12-04,AAPL,Stock,136.84,139.44,137.75,137.95,46238230
2018-12-05,AAPL,Stock,132.14,133.43,132.53,132.6,47044300
2018-12-06,AAPL,Stock,137.44,136.9,135.36,136.22,46158469
2018-12-07,AAPL,Stock,137.56,137.52,136.15,136.64,59592328
2018-12-10,AAPL,Stock,139.9,140.3,138.58,139.61,39024162
2018-12-11,AAPL,Stock,136.88,138.41,137.82,137.84,58270033
2018-12-12,AAPL,Stock,137.94,139.68,137.22,139.18,55899675
2018-12-13,AAPL,Stock,148.12,147.91,146.99,147.55,43917787
2018-12-14,AAPL,Stock,145.34,146.51,145.52,146.3,37987544
2018-12-17,AAPL,Stock,146.67,147.12,145.18,146.52,54313207
2018-12-18,AAPL,Stock,146.73,148.74,145.25,146.58,36224347
2018-12-19,AAPL,Stock,159.73,162.59,159.67,160.14,62925084
2018-12-20,AAPL,Stock,166.1,165.07,163.93,164.93,63207434
2018-12-21,AAPL,Stock,157.84,159.35,153.58,157.17,46203336
2018-12-24,AAPL,Stock,156.54,157.21,156.72,156.82,64191543
2018-12-25,AAPL,Stock,156.83,157.59,153.62,155.45,61500113
2018-12-26,AAPL,Stock,152.59,153.47,152.52,152.92,35487498
2018-12-27,AAPL,Stock,153.72,155.87,152.15,154.74,60024539
2018-12-28,AAPL,Stock,155.88,155.8,154.96,155.61,49217888
2018-12-31,AAPL,Stock,153.41,155.12,153.15,153.37,57635256
2019-01-01,AAPL,Stock,142.41,143.94,140.63,142.11,44578832
2019-01-02,AAPL,Stock,131.19,132.61,131.97,132.44,52448234
2019-01-03,AAPL,Stock,125.05,126.95,126.09,126.29,64645388
2019-01-04,AAPL,Stock,123.12,124.85,122.5,123.54,52711670
2019-01-07,AAPL,Stock,129.13,128.83,127.88,128.19,55167507
2019-01-08,AAPL,Stock,121.59,122.72,121.65,121.74,47153549
2019-01-09,AAPL,Stock,129.04,129.35,128.28,129.12,35303165
2019-01-10,AAPL,Stock,122.57,122.96,120.87,122.42,40148460
2019-01-11,AAPL,Stock,127.04,126.49,125.18,126.12,59742038
2019-01-14,AAPL,Stock,129.07,130.24,128.71,130.09,63028173
2019-01-15,AAPL,Stock,132.6,132.93,130.64,132.33,58365798
2019-01-16,AAPL,Stock,133.57,133.81,130.93,132.84,50913761
2019-01-17,AAPL,Stock,132.26,132.15,131.91,132.02,62299738
2019-01-18,AAPL,Stock,131.87,133.44,132.46,132.99,39162178
2019-01-21,AAPL,Stock,123.67,124.73,121.48,123.68,52374934
2019-01-22,AAPL,Stock,123.85,124.68,123.83,124.41,55838643
2019-01-23,AAPL,Stock,113.88,113.71,113.22,113.61,50531337
2019-01-24,AAPL,Stock,117.35,117.47,116.34,117.07,47713946
2019-01-25,AAPL,Stock,116.41,117.26,116.66,116.8,51781689
2019-01-28,AAPL,Stock,115.04,116.03,115.08,115.89,63008133
2019-01-29,AAPL,Stock,115.56,115.92,113.88,114.84,47314671
2019-01-30,AAPL,Stock,111.51,111.31,110.0,110.73,51513787
2019-01-31,AAPL,Stock,110.4,111.54,109.09,109.99,48900166
2019-02-01,AAPL,Stock,109.91,109.99,109.52,109.63,60284277
2019-02-04,AAPL,Stock,124.77,123.86,123.46,123.57,48490864
2019-02-05,AAPL,Stock,121.15,122.16,119.98,120.83,62068903
2019-02-06,AAPL,Stock,120.9,121.41,119.52,121.28,58950093
2019-02-07,AAPL,Stock,124.49,125.53,124.7,124.94,45050510
2019-02-08,AAPL,Stock,125.4,128.28,124.61,126.65,40667117
2019-02-11,AAPL,Stock,132.85,133.58,132.69,132.95,37231468
2019-02-12,AAPL,Stock,143.86,145.97,140.35,143.06,46595993
2019-02-13,AAPL,Stock,140.13,142.24,139.15,140.4,39641619
2019-02-14,AAPL,Stock,131.59,131.79,130.07,130.63,50498228
2019-02-15,AAPL,Stock,131.22,133.27,131.03,131.81,35713028
2019-02-18,AAPL,Stock,122.81,123.33,122.47,123.28,52997751
2019-02-19,AAPL,Stock,116.13,116.45,116.25,116.29,48096011
2019-02-20,AAPL,Stock,122.13,123.9,122.08,122.51,36805295
2019-02-21,AAPL,Stock,126.56,127.0,124.24,125.43,60129519
2019-02-22,AAPL,Stock,124.06,125.98,123.57,124.37,42796651
2019-02-25,AAPL,Stock,131.66,134.47,131.27,132.0,42433327
2019-02-26,AAPL,Stock,136.82,136.82,135.22,135.96,63494282
2019-02-27,AAPL,Stock,136.45,137.62,136.35,137.24,51529707
2019-02-28,AAPL,Stock,128.69,129.65,125.09,127.57,51910000
2019-03-01,AAPL,Stock,133.82,133.47,130.84,133.07,44699364
2019-03-04,AAPL,Stock,130.36,132.91,129.62,130.11,53782867
2019-03-05,AAPL,Stock,133.74,135.73,131.91,133.46,56666445
2019-03-06,AAPL,Stock,136.21,138.04,136.94,137.11,56971786
2019-03-07,AAPL,Stock,132.27,135.08,131.11,133.29,51474892
2019-03-08,AAPL,Stock,131.24,131.38,130.18,130.68,63118178
2019-03-11,AAPL,Stock,133.83,135.63,133.75,133.85,53073623
2019-03-12,AAPL,Stock,133.92,134.6,132.45,133.24,39589317
2019-03-13,AAPL,Stock,125.37,126.93,125.83,126.47,47142048
2019-03-14,AAPL,Stock,121.86,123.02,122.18,122.47,62143138
2019-03-15,AAPL,Stock,117.72,120.45,115.89,118.13,42690743
2019-03-18,AAPL,Stock,123.26,123.28,121.97,122.83,35651217
2019-03-19,AAPL,Stock,127.24,129.19,127.43,128.17,64344577
2019-03-20,AAPL,Stock,130.1,129.7,129.16,129.22,44187766
2019-03-21,AAPL,Stock,137.88,138.44,138.12,138.39,42233881
2019-03-22,AAPL,Stock,131.57,131.7,130.58,131.69,50678056
2019-03-25,AAPL,Stock,129.93,133.54,130.91,131.05,42378256
2019-03-26,AAPL,Stock,134.16,134.77,130.52,133.17,44598027
2019-03-27,AAPL,Stock,136.13,135.63,134.73,135.36,64865456
2019-03-28,AAPL,Stock,136.24,137.04,136.44,136.95,40456463
2019-03-29,AAPL,Stock,136.19,139.83,136.35,137.12,45782040
2019-04-01,AAPL,Stock,133.31,136.51,134.14,134.32,58007927
2019-04-02,AAPL,Stock,125.78,126.71,125.39,126.3,62801437
2019-04-03,AAPL,Stock,127.73,127.31,126.62,127.28,59643283
2019-04-04,AAPL,Stock,127.88,129.78,128.27,128.77,47316340
2019-04-05,AAPL,Stock,128.82,130.87,128.64,129.66,58908961
2019-04-08,AAPL,Stock,134.74,136.18,133.02,134.45,49189144
2019-04-09,AAPL,Stock,133.31,132.98,132.26,132.86,54297236
2019-04-10,AAPL,Stock,135.39,137.49,135.1,135.77,50564999
2019-04-11,AAPL,Stock,138.95,139.27,138.72,139.02,60874100
2019-04-12,AAPL,Stock,138.85,140.25,139.05,139.55,36374033
2019-04-15,AAPL,Stock,137.54,137.96,137.19,137.52,55721298
2019-04-16,AAPL,Stock,135.43,136.34,134.9,135.94,62439625
2019-04-17,AAPL,Stock,138.71,139.29,138.21,138.94,61777487
2019-04-18,AAPL,Stock,138.75,138.76,137.85,138.08,51015478
2019-04-19,AAPL,Stock,140.43,141.88,140.7,141.42,53374774
2019-04-22,AAPL,Stock,152.8,154.55,152.28,153.02,40051745
2019-04-23,AAPL,Stock,149.24,149.25,147.72,148.54,42591435
2019-04-24,AAPL,Stock,146.8,148.74,146.42,147.01,44145486
2019-04-25,AAPL,Stock,152.14,151.51,149.5,150.84,44790602
2019-04-26,AAPL,Stock,156.87,157.27,154.27,156.09,53175296
2019-04-29,AAPL,Stock,145.69,147.47,146.26,147.05,53903218
2019-04-30,AAPL,Stock,158.89,159.41,157.93,158.07,47984394
2019-05-01,AAPL,Stock,159.66,161.7,158.64,160.24,42632689
2019-05-02,AAPL,Stock,163.57,165.57,162.97,164.23,41722810
2019-05-03,AAPL,Stock,154.6,153.5,151.5,153.08,36168628
2019-05-06,AAPL,Stock,159.45,160.81,158.01,160.1,56563415
2019-05-07,AAPL,Stock,170.07,171.01,167.62,169.96,36110314
2019-05-08,AAPL,Stock,161.27,163.52,159.71,160.73,62851417
2019-05-09,AAPL,Stock,156.25,158.56,154.76,154.99,63988837
2019-05-10,AAPL,Stock,154.22,155.19,153.75,154.3,39090729
2019-05-13,AAPL,Stock,147.81,149.62,146.27,147.72,55809657
2019-05-14,AAPL,Stock,150.61,151.41,147.94,150.95,41204445
2019-05-15,AAPL,Stock,143.0,143.23,141.73,142.06,47426174
2019-05-16,AAPL,Stock,142.74,142.57,141.15,141.55,52775316
2019-05-17,AAPL,Stock,142.95,144.15,140.19,141.86,35162108
2019-05-20,AAPL,Stock,139.49,140.24,139.17,139.84,52150473
2019-05-21,AAPL,Stock,135.86,137.15,135.18,135.81,37345661
2019-05-22,AAPL,Stock,137.01,136.32,135.12,135.81,49377609
2019-05-23,AAPL,Stock,130.28,132.92,128.25,130.32,45842840
2019-05-24,AAPL,Stock,122.12,124.92,121.44,123.14,46570731
2019-05-27,AAPL,Stock,121.3,120.91,119.45,120.14,43048376
2019-05-28,AAPL,Stock,121.25,125.26,120.8,122.4,51229670
2019-05-29,AAPL,Stock,130.38,131.82,129.74,131.11,64069090
2019-05-30,AAPL,Stock,132.39,134.16,129.23,131.66,64300475
2019-05-31,AAPL,Stock,122.37,121.95,121.4,121.52,39342739
2019-06-03,AAPL,Stock,118.98,119.83,117.12,118.48,55391422
2019-06-04,AAPL,Stock,117.77,118.91,117.77,117.99,36656679
2019-06-05,AAPL,Stock,122.79,124.14,121.63,122.99,46903698
2019-06-06,AAPL,Stock,118.47,117.74,117.32,117.57,35131306
2019-06-07,AAPL,Stock,119.38,121.11,120.31,120.43,62867652
2019-06-10,AAPL,Stock,118.83,118.89,117.0,117.69,35639985
2019-06-11,AAPL,Stock,116.22,117.64,116.14,116.71,57075836
2019-06-12,AAPL,Stock,109.79,111.73,110.34,110.56,61533472
2019-06-13,AAPL,Stock,108.38,110.59,106.08,108.4,51702774
2019-06-14,AAPL,Stock,108.4,109.11,107.68,108.58,57316561
2019-06-17,AAPL,Stock,107.91,109.7,107.91,108.29,36815416
2019-06-18,AAPL,Stock,107.89,108.66,107.33,107.89,45178859
2019-06-19,AAPL,Stock,111.27,110.91,110.25,110.37,54921157
2019-06-20,AAPL,Stock,118.12,120.56,117.14,119.22,51156095
2019-06-21,AAPL,Stock,116.44,116.19,115.15,116.12,54728062
2019-06-24,AAPL,Stock,115.28,117.11,114.73,115.48,61292210
2019-06-25,AAPL,Stock,112.67,112.38,110.84,111.61,62177553
2019-06-26,AAPL,Stock,114.05,114.19,113.49,113.56,52523848
2019-06-27,AAPL,Stock,112.51,113.77,110.81,112.93,61960195
2019-06-28,AAPL,Stock,106.16,107.47,103.96,106.2,60603618
2019-07-01,AAPL,Stock,111.7,112.42,110.47,111.38,39723409
2019-07-02,AAPL,Stock,110.17,112.18,110.67,111.27,54015886
2019-07-03,AAPL,Stock,113.95,115.12,113.26,113.82,39679380
2019-07-04,AAPL,Stock,114.43,115.0,114.31,114.5,40739951
2019-07-05,AAPL,Stock,117.05,116.36,115.45,116.12,51942494
2019-07-08,AAPL,Stock,113.77,115.47,112.5,113.67,50959707
2019-07-09,AAPL,Stock,106.09,106.76,106.03,106.05,49233651
2019-07-10,AAPL,Stock,111.83,112.87,111.28,112.04,56059764
2019-07-11,AAPL,Stock,116.31,117.62,116.35,117.01,39283221
2019-07-12,AAPL,Stock,115.86,117.98,116.19,116.57,53470338
2019-07-15,AAPL,Stock,116.72,117.8,115.85,116.1,40491883
2019-07-16,AAPL,Stock,115.8,115.68,113.98,115.46,41736379
2019-07-17,AAPL,Stock,120.12,122.34,119.83,120.93,52291172
2019-07-18,AAPL,Stock,120.89,121.26,119.61,120.91,37215310
2019-07-19,AAPL,Stock,115.54,115.1,114.12,114.9,47970316
2019-07-22,AAPL,Stock,117.47,121.27,116.4,118.45,47222409
2019-07-23,AAPL,Stock,116.66,117.65,117.03,117.63,51089184
2019-07-24,AAPL,Stock,116.53,117.96,115.93,116.7,57447310
2019-07-25,AAPL,Stock,119.77,120.95,120.01,120.7,43491864
2019-07-26,AAPL,Stock,121.16,122.68,121.85,122.3,50692820
2019-07-29,AAPL,Stock,115.74,118.83,114.75,116.8,59762653
2019-07-30,AAPL,Stock,118.61,118.83,118.1,118.39,53783072
2019-07-31,AAPL,Stock,120.85,121.83,120.37,120.76,44483693
2019-08-01,AAPL,Stock,122.49,122.95,120.99,122.8,58722910
2019-08-02,AAPL,Stock,122.83,125.3,123.82,123.86,60064014
2019-08-05,AAPL,Stock,128.95,130.26,125.09,127.75,63444261
2019-08-06,AAPL,Stock,126.39,126.49,125.87,126.16,54082337
2019-08-07,AAPL,Stock,128.85,128.73,128.26,128.35,48182225
2019-08-08,AAPL,Stock,137.25,138.65,136.06,137.77,50605009
2019-08-09,AAPL,Stock,132.24,133.08,130.4,132.01,50489167
2019-08-12,AAPL,Stock,129.15,131.53,129.19,130.1,62363491
2019-08-13,AAPL,Stock,126.84,127.71,126.89,127.43,54455675
2019-08-14,AAPL,Stock,133.46,133.89,132.04,132.72,37054244
2019-08-15,AAPL,Stock,134.47,137.96,134.04,135.45,57864823
2019-08-16,AAPL,Stock,147.45,147.89,146.61,147.17,51567784
2019-08-19,AAPL,Stock,145.03,147.43,144.7,144.86,61801593
2019-08-20,AAPL,Stock,143.71,145.79,143.71,144.53,56620930
2019-08-21,AAPL,Stock,134.44,136.33,135.28,135.68,42501203
2019-08-22,AAPL,Stock,140.11,140.92,138.91,139.17,52448575
2019-08-23,AAPL,Stock,140.95,142.42,140.41,140.76,39214888
2019-08-26,AAPL,Stock,138.18,140.27,137.55,138.52,63339583
2019-08-27,AAPL,Stock,141.08,141.05,140.01,140.39,43934499
2019-08-28,AAPL,Stock,144.15,145.23,139.98,143.06,39283716
2019-08-29,AAPL,Stock,141.99,142.76,141.73,142.41,59873466
2019-08-30,AAPL,Stock,151.92,150.91,150.03,150.55,54104598
2019-09-02,AAPL,Stock,147.95,151.24,144.71,148.02,48314975
2019-09-03,AAPL,Stock,150.14,151.35,147.2,149.85,62181574
2019-09-04,AAPL,Stock,163.64,166.57,163.65,165.18,38522561
2019-09-05,AAPL,Stock,171.39,172.53,167.5,171.7,49181208
2019-09-06,AAPL,Stock,161.29,162.88,161.21,162.12,42225666
2019-09-09,AAPL,Stock,169.44,168.98,168.02,168.85,47537500
2019-09-10,AAPL,Stock,166.49,165.91,165.36,165.89,39866086
2019-09-11,AAPL,Stock,163.59,163.98,161.25,163.21,51990377
2019-09-12,AAPL,Stock,171.39,171.74,170.94,171.58,48406426
2019-09-13,AAPL,Stock,173.5,175.32,170.58,172.85,53857744
2019-09-16,AAPL,Stock,170.05,173.47,171.24,171.73,42616604
2019-09-17,AAPL,Stock,185.78,184.25,183.61,184.11,53176863
2019-09-18,AAPL,Stock,189.95,192.58,185.57,189.19,52803717
2019-09-19,AAPL,Stock,192.3,194.37,190.21,194.21,57855769
2019-09-20,AAPL,Stock,184.47,185.9,182.62,185.32,56715973
2019-09-23,AAPL,Stock,185.94,187.52,186.18,187.09,51609942
2019-09-24,AAPL,Stock,183.43,185.06,184.05,185.01,50340585
2019-09-25,AAPL,Stock,177.63,179.16,175.77,176.45,62328737
2019-09-26,AAPL,Stock,177.19,176.94,175.4,176.27,59666795
2019-09-27,AAPL,Stock,171.94,172.02,170.44,171.7,48276145
2019-09-30,AAPL,Stock,169.76,173.14,170.86,170.89,62394356
2019-10-01,AAPL,Stock,169.92,170.16,165.84,168.46,47194040
2019-10-02,AAPL,Stock,170.64,173.73,170.45,171.91,36235407
2019-10-03,AAPL,Stock,170.29,173.41,171.34,171.83,52327889
2019-10-04,AAPL,Stock,174.93,175.23,174.4,174.42,48080153
2019-10-07,AAPL,Stock,183.4,182.67,179.07,182.38,60783302
2019-10-08,AAPL,Stock,183.54,185.94,184.44,185.26,49352054
2019-10-09,AAPL,Stock,181.36,183.52,179.08,181.78,42224018
2019-10-10,AAPL,Stock,179.76,184.0,180.55,180.62,39523941
2019-10-11,AAPL,Stock,181.19,182.93,178.21,181.3,37774720
2019-10-14,AAPL,Stock,183.13,185.2,182.03,182.95,60509303
2019-10-15,AAPL,Stock,189.94,191.8,189.87,190.89,59316714
2019-10-16,AAPL,Stock,185.05,185.2,184.03,184.42,51191869
2019-10-17,AAPL,Stock,180.99,179.87,179.34,179.85,41322421
2019-10-18,AAPL,Stock,184.81,187.74,180.18,183.47,61424341
2019-10-21,AAPL,Stock,175.91,176.63,172.53,175.57,45280697
2019-10-22,AAPL,Stock,172.28,174.24,169.18,172.02,64350327
2019-10-23,AAPL,Stock,169.5,171.51,169.91,171.1,60851252
2019-10-24,AAPL,Stock,166.65,168.52,164.99,166.77,39248944
2019-10-25,AAPL,Stock,171.39,171.9,168.89,169.73,63889431
2019-10-28,AAPL,Stock,168.8,168.68,166.74,167.83,50497437
2019-10-29,AAPL,Stock,178.26,180.1,176.82,177.46,46135132
2019-10-30,AAPL,Stock,172.61,171.32,169.55,171.01,64451174
2019-10-31,AAPL,Stock,169.49,170.13,167.27,170.05,43185504
2019-11-01,AAPL,Stock,169.83,171.45,170.02,170.6,46779485
2019-11-04,AAPL,Stock,167.23,169.34,168.36,168.82,49355038
2019-11-05,AAPL,Stock,170.49,170.0,168.15,169.69,62174932
2019-11-06,AAPL,Stock,169.99,170.96,170.75,170.86,56279500
2019-11-07,AAPL,Stock,172.53,173.77,172.64,173.19,41468228
2019-11-08,AAPL,Stock,166.44,167.82,167.42,167.46,37357500
2019-11-11,AAPL,Stock,164.8,165.39,163.41,165.3,41853751
2019-11-12,AAPL,Stock,162.95,163.29,161.24,162.25,38446475
2019-11-13,AAPL,Stock,157.14,161.29,155.87,158.16,41435957
2019-11-14,AAPL,Stock,155.69,157.53,155.46,156.97,64260340
2019-11-15,AAPL,Stock,146.93,147.3,145.96,147.15,45977079
2019-11-18,AAPL,Stock,141.39,142.24,140.07,140.73,49951133
2019-11-19,AAPL,Stock,151.79,152.49,149.74,150.55,64927116
2019-11-20,AAPL,Stock,146.94,148.9,147.61,148.06,37671044
2019-11-21,AAPL,Stock,147.96,147.92,147.04,147.2,57119039
2019-11-22,AAPL,Stock,145.58,148.09,146.25,146.27,54787952
2019-11-25,AAPL,Stock,144.38,144.39,142.93,143.73,38263688
2019-11-26,AAPL,Stock,148.6,150.61,148.08,148.49,45172074
2019-11-27,AAPL,Stock,145.35,147.48,142.21,145.25,36402360
2019-11-28,AAPL,Stock,137.89,139.5,137.54,138.83,62144763
2019-11-29,AAPL,Stock,137.18,137.26,135.03,136.42,56091342
2019-12-02,AAPL,Stock,133.38,135.95,131.52,132.91,47528232
2019-12-03,AAPL,Stock,135.46,137.19,134.17,136.49,40422446
2019-12-04,AAPL,Stock,130.79,131.93,130.92,131.06,48204769
2019-12-05,AAPL,Stock,129.98,129.86,127.4,129.82,54107529
2019-12-06,AAPL,Stock,135.94,135.92,134.11,135.25,58911327
2019-12-09,AAPL,Stock,132.1,132.57,131.4,132.43,51481804
2019-12-10,AAPL,Stock,129.11,129.16,128.6,128.7,35260916
2019-12-11,AAPL,Stock,121.69,122.85,121.66,122.82,36827974
2019-12-12,AAPL,Stock,121.74,122.69,121.04,121.37,59574287
2019-12-13,AAPL,Stock,127.99,129.05,127.64,128.51,44462578
2019-12-16,AAPL,Stock,125.58,126.96,125.91,126.35,43194190
2019-12-17,AAPL,Stock,130.48,131.38,130.27,130.58,41888048
2019-12-18,AAPL,Stock,132.18,133.08,132.17,132.82,58073238
2019-12-19,AAPL,Stock,129.22,129.24,127.71,128.8,60805663
2019-12-20,AAPL,Stock,130.41,131.34,128.82,130.17,35475169
2019-12-23,AAPL,Stock,139.53,141.01,138.58,139.64,48682707
2019-12-24,AAPL,Stock,137.62,139.24,136.83,137.53,58121488
2019-12-25,AAPL,Stock,145.02,148.46,142.75,145.01,51032845
2019-12-26,AAPL,Stock,144.07,144.57,143.26,143.58,52010426
2019-12-27,AAPL,Stock,138.46,140.14,137.67,139.72,44688691
2019-12-30,AAPL,Stock,129.71,131.09,130.57,130.71,48511781
2019-12-31,AAPL,Stock,132.15,132.9,130.12,131.74,47580465
2020-01-01,AAPL,Stock,127.13,128.22,128.09,128.18,39852987
2020-01-02,AAPL,Stock,130.2,131.55,129.37,131.31,37521717
2020-01-03,AAPL,Stock,134.72,135.8,133.93,133.94,45270371
2020-01-06,AAPL,Stock,136.58,138.79,135.82,136.71,55602970
2020-01-07,AAPL,Stock,144.31,145.11,143.32,144.17,40550337
2020-01-08,AAPL,Stock,143.34,142.58,142.33,142.55,55486970
2020-01-09,AAPL,Stock,143.56,144.84,143.82,144.0,40507656
2020-01-10,AAPL,Stock,152.49,153.37,152.5,152.61,62719511
2020-01-13,AAPL,Stock,151.03,153.61,147.21,150.38,40177966
2020-01-14,AAPL,Stock,147.44,149.7,146.82,146.95,42282029
2020-01-15,AAPL,Stock,146.61,147.52,147.05,147.22,54387267
2020-01-16,AAPL,Stock,141.59,143.42,142.31,142.42,53378034
2020-01-17,AAPL,Stock,140.75,142.46,139.17,141.56,54850876
2020-01-20,AAPL,Stock,139.61,139.45,137.33,139.42,64121690
2020-01-21,AAPL,Stock,141.96,145.55,142.09,143.17,42863753
2020-01-22,AAPL,Stock,157.94,159.65,157.53,158.42,50504155
2020-01-23,AAPL,Stock,157.91,158.1,156.88,157.49,53968995
2020-01-24,AAPL,Stock,153.54,154.68,150.37,153.04,53437577
2020-01-27,AAPL,Stock,147.16,148.49,143.64,146.91,47968537
2020-01-28,AAPL,Stock,140.78,140.54,139.6,140.27,56518067
2020-01-29,AAPL,Stock,145.6,147.82,143.66,145.65,41251552
2020-01-30,AAPL,Stock,149.64,150.37,149.34,149.39,42328580
2020-01-31,AAPL,Stock,155.73,154.95,153.56,154.77,38941787
2020-02-03,AAPL,Stock,165.18,166.89,162.19,164.88,46852799
2020-02-04,AAPL,Stock,165.06,168.23,162.06,165.36,60873963
2020-02-05,AAPL,Stock,161.48,161.93,160.84,161.3,55952703
2020-02-06,AAPL,Stock,163.84,165.11,162.69,163.81,59042678
2020-02-07,AAPL,Stock,161.3,163.41,160.76,162.23,38437276
2020-02-10,AAPL,Stock,162.01,165.14,162.39,163.54,36494213
2020-02-11,AAPL,Stock,160.91,163.12,160.54,161.65,49920111
2020-02-12,AAPL,Stock,166.19,166.27,164.39,165.34,45018360
2020-02-13,AAPL,Stock,165.89,168.26,165.61,167.19,50583034
2020-02-14,AAPL,Stock,172.34,173.2,171.91,172.15,41371032
2020-02-17,AAPL,Stock,180.24,181.83,180.66,181.66,51269426
2020-02-18,AAPL,Stock,184.54,183.55,182.61,183.08,62890366
2020-02-19,AAPL,Stock,186.34,188.31,182.75,186.42,61903510
2020-02-20,AAPL,Stock,186.41,185.85,184.6,184.92,59848551
2020-02-21,AAPL,Stock,178.14,179.39,177.87,178.6,37769931
2020-02-24,AAPL,Stock,176.74,180.74,176.75,178.39,36057522
2020-02-25,AAPL,Stock,181.87,183.56,179.55,181.41,56333136
2020-02-26,AAPL,Stock,176.67,180.74,177.56,178.31,49137544
2020-02-27,AAPL,Stock,176.51,176.62,175.79,175.92,64360487
2020-02-28,AAPL,Stock,181.62,183.59,180.28,181.33,42817061
2020-03-02,AAPL,Stock,185.49,185.15,181.53,184.53,60922132
2020-03-03,AAPL,Stock,180.21,182.13,180.17,181.53,54717417
2020-03-04,AAPL,Stock,188.6,192.05,188.35,188.84,51215174
2020-03-05,AAPL,Stock,191.7,192.98,187.76,190.8,62428371
2020-03-06,AAPL,Stock,192.74,191.48,187.37,190.97,40151281
2020-03-09,AAPL,Stock,187.55,187.36,186.12,187.09,44766401
2020-03-10,AAPL,Stock,183.28,186.1,184.01,184.91,50861999
2020-03-11,AAPL,Stock,184.63,185.96,182.57,184.25,59604973
2020-03-12,AAPL,Stock,180.83,182.09,181.0,181.27,60336369
2020-03-13,AAPL,Stock,183.47,182.99,181.34,182.8,47375754
2020-03-16,AAPL,Stock,164.76,166.0,161.67,165.05,46390456
2020-03-17,AAPL,Stock,184.03,185.2,181.48,182.82,56370242
2020-03-18,AAPL,Stock,181.3,183.02,182.27,182.54,59701301
2020-03-19,AAPL,Stock,182.12,183.7,182.34,182.62,57795105
2020-03-20,AAPL,Stock,180.8,183.29,179.99,182.27,56997104
2020-03-23,AAPL,Stock,177.73,178.09,174.55,176.23,49863425
2020-03-24,AAPL,Stock,173.62,176.58,174.33,174.66,48510996
2020-03-25,AAPL,Stock,173.42,177.33,172.32,174.25,41396319
2020-03-26,AAPL,Stock,169.6,169.74,168.46,169.37,55733024
2020-03-27,AAPL,Stock,169.21,173.49,170.04,170.74,61254836
2020-03-30,AAPL,Stock,168.53,170.39,166.78,168.09,59473319
2020-03-31,AAPL,Stock,175.48,178.38,174.46,176.5,61730799
2020-04-01,AAPL,Stock,185.72,187.02,185.34,186.3,54148093
2020-04-02,AAPL,Stock,185.73,187.42,184.09,186.59,48935093
2020-04-03,AAPL,Stock,183.23,184.72,181.08,184.33,44522133
2020-04-06,AAPL,Stock,189.14,192.97,189.32,190.0,61703080
2020-04-07,AAPL,Stock,191.38,192.25,189.8,192.09,44915623
2020-04-08,AAPL,Stock,189.75,192.0,185.44,188.35,57793412
2020-04-09,AAPL,Stock,201.6,201.31,199.76,200.39,41905223
2020-04-10,AAPL,Stock,204.06,205.98,202.95,204.04,35235831
2020-04-13,AAPL,Stock,199.1,198.7,197.88,197.89,36534888
2020-04-14,AAPL,Stock,196.48,198.4,197.45,197.82,52774540
2020-04-15,AAPL,Stock,191.82,195.25,190.66,192.18,56430989
2020-04-16,AAPL,Stock,192.35,195.72,191.56,193.83,61833115
2020-04-17,AAPL,Stock,197.09,196.3,194.96,195.84,53704445
2020-04-20,AAPL,Stock,197.41,199.0,198.06,198.28,60842241
2020-04-21,AAPL,Stock,203.98,203.6,199.79,202.64,37589875
2020-04-22,AAPL,Stock,202.67,203.41,199.56,200.91,43865533
2020-04-23,AAPL,Stock,196.08,197.02,195.17,195.93,40897398
2020-04-24,AAPL,Stock,198.29,199.96,199.54,199.79,39107661
2020-04-27,AAPL,Stock,195.16,194.18,193.13,194.03,56339216
2020-04-28,AAPL,Stock,190.44,195.88,190.64,192.14,47767859
2020-04-29,AAPL,Stock,197.47,201.31,197.66,197.93,37227056
2020-04-30,AAPL,Stock,194.99,198.56,193.3,196.46,55240358
2020-05-01,AAPL,Stock,194.87,194.32,193.39,194.26,64685375
2020-05-04,AAPL,Stock,187.39,188.23,186.47,187.2,56090181
2020-05-05,AAPL,Stock,180.89,182.9,178.16,181.14,35286514
2020-05-06,AAPL,Stock,189.32,190.45,189.13,190.06,58667805
2020-05-07,AAPL,Stock,193.44,192.03,190.11,191.99,39313870
2020-05-08,AAPL,Stock,191.04,194.19,192.65,192.72,37281250
2020-05-11,AAPL,Stock,186.4,189.21,187.74,187.93,63490300
2020-05-12,AAPL,Stock,186.32,185.78,182.91,185.48,43169660
2020-05-13,AAPL,Stock,184.77,186.81,182.62,184.64,45311647
2020-05-14,AAPL,Stock,186.39,188.18,185.44,186.1,54713612
2020-05-15,AAPL,Stock,185.05,186.39,184.68,185.75,62883029
2020-05-18,AAPL,Stock,179.89,180.92,176.25,179.72,41203135
2020-05-19,AAPL,Stock,186.29,188.35,185.85,187.61,37123781
2020-05-20,AAPL,Stock,184.09,186.68,181.9,183.97,54627103
2020-05-21,AAPL,Stock,175.47,177.67,176.72,176.98,61979702
2020-05-22,AAPL,Stock,185.26,187.77,184.77,185.87,52056533
2020-05-25,AAPL,Stock,189.1,191.51,189.49,189.65,41041178
2020-05-26,AAPL,Stock,195.14,196.35,193.06,194.38,38102067
2020-05-27,AAPL,Stock,194.32,195.44,192.93,194.28,37224690
2020-05-28,AAPL,Stock,200.51,199.98,198.26,198.97,48788897
2020-05-29,AAPL,Stock,191.74,195.44,190.1,192.16,48545049
2020-06-01,AAPL,Stock,195.95,200.29,193.48,196.58,35117639
2020-06-02,AAPL,Stock,197.02,198.01,194.76,197.8,49849484
2020-06-03,AAPL,Stock,202.48,203.33,198.01,202.22,47811407
2020-06-04,AAPL,Stock,211.29,212.8,207.09,209.5,47532870
2020-06-05,AAPL,Stock,202.2,205.07,201.47,202.83,40613997
2020-06-08,AAPL,Stock,212.37,214.42,208.63,212.84,54059842
2020-06-09,AAPL,Stock,210.46,213.51,210.63,212.01,53564043
2020-06-10,AAPL,Stock,207.93,208.97,206.28,208.55,58570792
2020-06-11,AAPL,Stock,208.05,211.13,209.47,209.68,36578455
2020-06-12,AAPL,Stock,219.36,219.36,217.9,218.7,50311786
2020-06-15,AAPL,Stock,211.44,213.08,209.28,212.94,59275539
2020-06-16,AAPL,Stock,214.95,218.15,213.99,215.96,48774873
2020-06-17,AAPL,Stock,214.09,214.7,213.53,214.25,41728907
2020-06-18,AAPL,Stock,215.32,220.34,215.34,217.16,56604584
2020-06-19,AAPL,Stock,224.0,223.57,222.07,222.91,58935795
2020-06-22,AAPL,Stock,226.14,228.27,225.2,227.74,51090891
2020-06-23,AAPL,Stock,223.81,227.65,221.12,223.84,64298850
2020-06-24,AAPL,Stock,228.51,228.44,225.62,227.11,58970439
2020-06-25,AAPL,Stock,226.32,229.91,227.8,228.02,44999288
2020-06-26,AAPL,Stock,232.99,236.12,233.28,234.2,46912282
2020-06-29,AAPL,Stock,232.8,232.48,230.14,230.91,53374789
2020-06-30,AAPL,Stock,227.04,230.13,228.27,229.0,38598996
2020-07-01,AAPL,Stock,235.87,238.36,233.33,237.24,60695715
2020-07-02,AAPL,Stock,233.78,238.21,231.13,234.45,39118336
2020-07-03,AAPL,Stock,230.14,235.61,227.69,231.06,40647716
2020-07-06,AAPL,Stock,232.56,235.34,232.61,234.05,56711475
2020-07-07,AAPL,Stock,240.42,238.29,234.89,238.17,64668445
2020-07-08,AAPL,Stock,243.57,247.77,238.0,242.52,46057280
2020-07-09,AAPL,Stock,247.88,246.53,241.35,245.63,45985751
2020-07-10,AAPL,Stock,250.77,255.86,248.46,252.57,53719718
2020-07-13,AAPL,Stock,247.73,252.72,247.26,249.24,42085151
2020-07-14,AAPL,Stock,252.93,255.55,249.28,250.53,43036693
2020-07-15,AAPL,Stock,252.92,251.81,250.19,251.62,36029709
2020-07-16,AAPL,Stock,248.65,247.08,243.95,246.87,47954875
2020-07-17,AAPL,Stock,242.58,242.93,237.42,242.05,49006559
2020-07-20,AAPL,Stock,240.47,241.76,238.31,241.0,45538543
2020-07-21,AAPL,Stock,243.77,242.33,241.56,241.95,52392953
2020-07-22,AAPL,Stock,237.24,237.62,237.13,237.29,59489440
2020-07-23,AAPL,Stock,235.06,238.29,233.9,236.11,56097056
2020-07-24,AAPL,Stock,239.19,242.91,241.38,241.43,60464664
2020-07-27,AAPL,Stock,238.71,240.07,236.54,237.1,55196942
2020-07-28,AAPL,Stock,235.74,240.52,234.81,236.01,47618482
2020-07-29,AAPL,Stock,242.25,241.72,238.56,240.09,50957965
2020-07-30,AAPL,Stock,237.97,241.51,234.41,239.4,41845983
2020-07-31,AAPL,Stock,242.71,244.67,242.09,243.17,50268877
2020-08-03,AAPL,Stock,249.43,248.89,247.2,248.28,61193706
2020-08-04,AAPL,Stock,251.79,250.82,247.42,249.63,64357759
2020-08-05,AAPL,Stock,237.45,239.35,237.91,238.59,50677658
2020-08-06,AAPL,Stock,236.74,239.24,237.24,238.64,63624397
2020-08-07,AAPL,Stock,240.78,240.2,238.46,238.96,47160807
2020-08-10,AAPL,Stock,244.17,244.51,242.26,244.09,57356170
2020-08-11,AAPL,Stock,244.83,243.92,241.21,243.23,44086623
2020-08-12,AAPL,Stock,253.47,256.48,252.13,253.55,52159128
2020-08-13,AAPL,Stock,258.61,258.82,258.08,258.24,62396200
2020-08-14,AAPL,Stock,262.23,263.4,259.09,260.02,47159365
2020-08-17,AAPL,Stock,261.27,261.24,259.17,259.44,50050709
2020-08-18,AAPL,Stock,248.55,250.62,244.0,247.79,55261892
2020-08-19,AAPL,Stock,240.72,242.38,240.9,240.96,62604136
2020-08-20,AAPL,Stock,239.7,243.51,240.78,241.15,51633815
2020-08-21,AAPL,Stock,242.32,242.63,240.9,241.89,56475612
2020-08-24,AAPL,Stock,239.24,237.22,235.93,237.2,42781163
2020-08-25,AAPL,Stock,243.95,243.53,241.27,241.76,49846194
2020-08-26,AAPL,Stock,247.57,249.39,248.09,248.44,49499822
2020-08-27,AAPL,Stock,244.41,246.23,243.43,245.79,44483259
2020-08-28,AAPL,Stock,247.55,247.97,246.4,246.55,41325322
2020-08-31,AAPL,Stock,249.39,252.11,247.63,250.1,37661876
2020-09-01,AAPL,Stock,267.25,266.29,262.15,266.18,55088519
2020-09-02,AAPL,Stock,266.43,267.92,265.91,267.38,63962543
2020-09-03,AAPL,Stock,276.23,275.18,271.53,273.66,45906345
2020-09-04,AAPL,Stock,269.29,272.11,269.68,269.75,45967874
2020-09-07,AAPL,Stock,265.33,268.38,264.53,266.43,57623856
2020-09-08,AAPL,Stock,271.75,271.88,270.95,271.12,39180968
2020-09-09,AAPL,Stock,269.66,269.91,268.28,268.98,57132755
2020-09-10,AAPL,Stock,276.98,275.96,272.86,274.61,40125922
2020-09-11,AAPL,Stock,275.98,275.84,275.28,275.43,37897300
2020-09-14,AAPL,Stock,272.02,277.27,270.13,271.5,59336926
2020-09-15,AAPL,Stock,264.16,265.27,261.48,264.3,39576397
2020-09-16,AAPL,Stock,250.07,252.46,250.92,251.25,39594206
2020-09-17,AAPL,Stock,243.08,244.26,238.97,243.12,56189941
2020-09-18,AAPL,Stock,248.55,251.57,241.85,247.18,47396237
2020-09-21,AAPL,Stock,255.67,258.85,255.03,256.52,51976716
2020-09-22,AAPL,Stock,254.25,254.6,253.77,254.23,59193404
2020-09-23,AAPL,Stock,256.5,256.51,253.57,255.14,61356733
2020-09-24,AAPL,Stock,258.64,259.01,257.15,258.42,43847377
2020-09-25,AAPL,Stock,255.4,257.98,254.87,256.69,46872780
2020-09-28,AAPL,Stock,256.97,257.63,252.92,255.98,37150314
2020-09-29,AAPL,Stock,252.98,254.6,253.06,254.54,47874196
2020-09-30,AAPL,Stock,235.3,238.38,234.49,236.85,63425816
2020-10-01,AAPL,Stock,234.45,235.47,233.66,233.82,52695031
2020-10-02,AAPL,Stock,238.05,240.75,235.73,238.55,56722902
2020-10-05,AAPL,Stock,248.61,247.89,245.22,246.53,48509382
2020-10-06,AAPL,Stock,243.4,247.1,243.4,245.64,44430567
2020-10-07,AAPL,Stock,242.04,241.48,239.87,241.19,45718428
2020-10-08,AAPL,Stock,241.16,240.39,237.52,240.05,50354775
2020-10-09,AAPL,Stock,235.19,236.03,231.64,233.71,55473957
2020-10-12,AAPL,Stock,222.72,225.44,219.86,222.87,37725907
2020-10-13,AAPL,Stock,222.78,224.29,216.71,221.88,54264289
2020-10-14,AAPL,Stock,224.1,225.1,222.01,223.12,52744417
2020-10-15,AAPL,Stock,216.59,221.14,214.38,216.68,44837711
2020-10-16,AAPL,Stock,227.9,228.25,225.27,228.14,61351638
2020-10-19,AAPL,Stock,220.31,226.79,221.75,222.13,39126456
2020-10-20,AAPL,Stock,213.46,213.67,211.76,213.2,42009514
2020-10-21,AAPL,Stock,217.47,218.51,217.0,217.1,38099755
2020-10-22,AAPL,Stock,215.23,219.03,216.41,216.51,36082934
2020-10-23,AAPL,Stock,223.02,224.43,221.47,221.69,59747193
2020-10-26,AAPL,Stock,222.48,223.56,219.04,220.43,38103221
2020-10-27,AAPL,Stock,205.8,206.36,205.53,206.36,46684191
2020-10-28,AAPL,Stock,204.43,205.85,204.54,205.04,35639315
2020-10-29,AAPL,Stock,206.2,206.9,204.7,205.73,55619708
2020-10-30,AAPL,Stock,211.12,210.08,209.06,209.59,44491367
2020-11-02,AAPL,Stock,212.26,213.86,209.97,212.83,45609215
2020-11-03,AAPL,Stock,212.84,218.15,214.0,214.54,37039181
2020-11-04,AAPL,Stock,209.75,212.11,209.6,211.72,57923652
2020-11-05,AAPL,Stock,217.77,219.41,218.17,219.03,35469549
2020-11-06,AAPL,Stock,212.89,214.91,212.72,213.41,52315488
2020-11-09,AAPL,Stock,217.07,215.1,213.78,215.1,42497172
2020-11-10,AAPL,Stock,219.06,220.78,218.56,220.07,61548908
2020-11-11,AAPL,Stock,230.77,230.83,228.64,229.67,48363933
2020-11-12,AAPL,Stock,235.73,238.64,232.66,233.92,35262225
2020-11-13,AAPL,Stock,244.94,247.08,244.25,244.43,61764551
2020-11-16,AAPL,Stock,237.12,242.73,237.54,238.53,40547560
2020-11-17,AAPL,Stock,238.34,242.06,239.77,240.5,39042950
2020-11-18,AAPL,Stock,235.92,240.37,233.28,236.98,43070865
2020-11-19,AAPL,Stock,242.99,249.17,244.27,244.7,55841248
2020-11-20,AAPL,Stock,239.29,244.2,240.88,240.94,54929520
2020-11-23,AAPL,Stock,242.75,244.24,238.99,243.11,47045952
2020-11-24,AAPL,Stock,253.6,254.2,251.66,252.98,40119535
2020-11-25,AAPL,Stock,240.62,243.73,239.13,242.61,50606822
2020-11-26,AAPL,Stock,240.97,243.05,238.66,238.78,58324630
2020-11-27,AAPL,Stock,236.82,238.85,236.86,238.18,50550083
2020-11-30,AAPL,Stock,234.47,233.76,232.82,233.6,50937175
2020-12-01,AAPL,Stock,236.04,239.64,237.86,238.14,47726399
2020-12-02,AAPL,Stock,241.32,240.83,238.84,240.14,39526251
2020-12-03,AAPL,Stock,226.09,228.87,225.78,226.54,41108044
2020-12-04,AAPL,Stock,232.34,237.86,231.17,234.41,44854723
2020-12-07,AAPL,Stock,230.3,228.88,227.4,228.74,46283592
2020-12-08,AAPL,Stock,223.41,225.28,222.97,224.9,56693179
2020-12-09,AAPL,Stock,241.78,241.34,239.61,239.83,58642218
2020-12-10,AAPL,Stock,248.33,253.45,248.57,249.77,63094418
2020-12-11,AAPL,Stock,256.38,260.27,256.99,258.42,60193572
2020-12-14,AAPL,Stock,256.41,258.56,252.48,254.37,46573361
2020-12-15,AAPL,Stock,255.16,255.89,252.66,254.42,42549718
2020-12-16,AAPL,Stock,248.01,246.65,245.04,246.02,54981536
2020-12-17,AAPL,Stock,246.67,248.04,245.39,246.59,53061000
2020-12-18,AAPL,Stock,248.08,252.93,248.24,250.53,58061570
2020-12-21,AAPL,Stock,247.41,252.14,249.67,249.74,58333167
2020-12-22,AAPL,Stock,247.32,248.54,246.73,246.75,43769276
2020-12-23,AAPL,Stock,250.94,251.4,247.25,248.72,53092920
2020-12-24,AAPL,Stock,258.89,260.56,259.53,260.45,48039790
2020-12-25,AAPL,Stock,266.36,268.61,264.2,266.64,52000085
2020-12-28,AAPL,Stock,263.55,264.4,260.56,262.57,49078757
2020-12-29,AAPL,Stock,241.81,244.66,243.15,244.2,35248063
2020-12-30,AAPL,Stock,241.42,241.63,240.79,241.06,62169923
2020-12-31,AAPL,Stock,258.12,260.06,254.21,257.55,52048246
2021-01-01,AAPL,Stock,254.74,252.93,252.18,252.3,48723701
2021-01-04,AAPL,Stock,260.39,264.35,260.62,261.87,51407530
2021-01-05,AAPL,Stock,245.17,246.34,245.21,246.03,38636597
2021-01-06,AAPL,Stock,249.07,247.81,246.14,247.02,61746589
2021-01-07,AAPL,Stock,237.25,241.81,238.09,239.61,42069933
2021-01-08,AAPL,Stock,250.0,250.43,248.38,249.48,57243748
2021-01-11,AAPL,Stock,245.14,246.57,245.75,246.01,59429702
2021-01-12,AAPL,Stock,255.06,254.9,253.06,253.32,39022224
2021-01-13,AAPL,Stock,246.47,245.34,241.12,244.82,41078036
2021-01-14,AAPL,Stock,227.14,230.15,222.62,227.15,51285925
2021-01-15,AAPL,Stock,223.74,225.34,223.55,223.81,59326663
2021-01-18,AAPL,Stock,239.93,238.22,236.04,237.95,59388769
2021-01-19,AAPL,Stock,226.26,227.03,224.58,225.43,46474627
2021-01-20,AAPL,Stock,219.72,222.7,218.98,220.63,44312007
2021-01-21,AAPL,Stock,223.14,223.85,222.3,223.09,55377507
2021-01-22,AAPL,Stock,228.45,231.37,228.87,229.84,57032425
2021-01-25,AAPL,Stock,231.27,231.49,226.89,229.77,41163236
2021-01-26,AAPL,Stock,216.72,217.14,215.85,215.91,57665504
2021-01-27,AAPL,Stock,216.44,217.85,213.9,215.89,50105064
2021-01-28,AAPL,Stock,218.96,221.48,215.62,219.64,63124163
2021-01-29,AAPL,Stock,213.92,214.43,210.78,211.94,53849677
2021-02-01,AAPL,Stock,209.04,210.24,207.41,209.37,64002674
2021-02-02,AAPL,Stock,210.45,212.39,211.74,211.78,49085750
2021-02-03,AAPL,Stock,199.63,202.44,199.29,201.57,37773296
2021-02-04,AAPL,Stock,193.69,195.75,194.59,195.06,36047000
2021-02-05,AAPL,Stock,191.65,191.8,191.48,191.71,61985613
2021-02-08,AAPL,Stock,203.17,202.89,199.2,201.21,43962006
2021-02-09,AAPL,Stock,192.1,195.21,188.89,192.31,52995064
2021-02-10,AAPL,Stock,196.15,195.46,193.44,194.34,63106555
2021-02-11,AAPL,Stock,190.08,189.86,188.54,188.97,37817480
2021-02-12,AAPL,Stock,191.11,192.8,189.26,191.71,38139646
2021-02-15,AAPL,Stock,183.59,184.75,182.77,183.79,57958388
2021-02-16,AAPL,Stock,184.9,186.01,185.27,185.95,40114594
2021-02-17,AAPL,Stock,177.81,178.81,175.4,177.19,44231023
2021-02-18,AAPL,Stock,175.28,178.47,172.24,174.99,39951141
2021-02-19,AAPL,Stock,177.44,176.02,175.15,175.75,61669095
2021-02-22,AAPL,Stock,186.13,187.68,186.79,187.14,48715032
2021-02-23,AAPL,Stock,185.7,190.21,183.87,186.77,58670007
2021-02-24,AAPL,Stock,180.26,182.75,181.43,181.98,50779483
2021-02-25,AAPL,Stock,180.45,182.54,181.27,181.7,58462120
2021-02-26,AAPL,Stock,185.75,186.19,185.54,185.79,57916771
2021-03-01,AAPL,Stock,190.61,191.57,185.92,189.93,44526458
2021-03-02,AAPL,Stock,189.4,192.5,188.36,189.34,60854802
2021-03-03,AAPL,Stock,203.07,206.27,200.59,202.78,57927378
2021-03-04,AAPL,Stock,205.51,210.23,201.02,205.62,47549025
2021-03-05,AAPL,Stock,206.78,207.67,204.58,204.86,37856066
2021-03-08,AAPL,Stock,207.23,210.43,206.48,208.67,39286133
2021-03-09,AAPL,Stock,222.82,227.03,222.96,223.73,59743584
2021-03-10,AAPL,Stock,227.56,233.81,228.11,229.05,40261272
2021-03-11,AAPL,Stock,232.64,236.32,231.02,234.65,45595884
2021-03-12,AAPL,Stock,231.44,231.2,229.69,230.59,37979369
2021-03-15,AAPL,Stock,230.47,235.01,227.32,231.69,41101283
2021-03-16,AAPL,Stock,243.2,248.44,242.96,245.07,63642731
2021-03-17,AAPL,Stock,262.56,266.48,256.03,260.88,39136879
2021-03-18,AAPL,Stock,249.87,255.01,251.32,252.37,45949286
2021-03-19,AAPL,Stock,264.45,268.46,264.68,265.43,56380932
2021-03-22,AAPL,Stock,270.11,272.36,268.99,269.04,35146266
2021-03-23,AAPL,Stock,272.29,277.26,270.37,273.12,40570559
2021-03-24,AAPL,Stock,283.55,283.01,280.19,282.22,62654847
2021-03-25,AAPL,Stock,305.96,304.7,302.36,303.12,37145154
2021-03-26,AAPL,Stock,307.82,313.07,304.88,309.74,40882250
2021-03-29,AAPL,Stock,302.74,300.42,296.13,300.35,64160238
2021-03-30,AAPL,Stock,294.41,296.02,292.21,294.71,58764409
2021-03-31,AAPL,Stock,283.92,284.53,280.92,283.59,59958006
2021-04-01,AAPL,Stock,282.33,282.02,277.93,280.42,43642474
2021-04-02,AAPL,Stock,288.34,291.0,289.11,289.38,47986873
2021-04-05,AAPL,Stock,297.75,300.44,299.2,299.37,48633485
2021-04-06,AAPL,Stock,304.5,309.27,298.9,303.8,40425927
2021-04-07,AAPL,Stock,291.59,296.32,293.99,294.08,36311576
2021-04-08,AAPL,Stock,298.72,299.84,295.73,299.02,59997904
2021-04-09,AAPL,Stock,287.06,289.59,285.51,288.39,58145332
2021-04-12,AAPL,Stock,300.94,300.28,299.28,299.59,59765978
2021-04-13,AAPL,Stock,290.49,291.73,287.96,287.98,57917454
2021-04-14,AAPL,Stock,305.67,313.29,300.62,307.3,61727691
2021-04-15,AAPL,Stock,297.88,299.31,297.46,298.57,58103758
2021-04-16,AAPL,Stock,307.36,308.5,305.18,307.42,55788966
2021-04-19,AAPL,Stock,301.26,304.62,296.6,300.59,43130205
2021-04-20,AAPL,Stock,295.4,296.67,293.18,295.72,63248971
2021-04-21,AAPL,Stock,295.77,298.3,296.15,298.13,61807591
2021-04-22,AAPL,Stock,298.78,301.61,294.85,297.99,41147533
2021-04-23,AAPL,Stock,292.24,297.09,293.07,295.15,55741505
2021-04-26,AAPL,Stock,292.76,298.41,294.33,294.77,38716655
2021-04-27,AAPL,Stock,307.35,304.98,303.65,304.7,35261242
2021-04-28,AAPL,Stock,316.62,318.95,308.55,314.2,43467256
2021-04-29,AAPL,Stock,318.98,317.33,314.97,316.45,61340595
2021-04-30,AAPL,Stock,311.34,314.6,312.9,314.41,47411969
2021-05-03,AAPL,Stock,307.92,307.93,305.63,307.26,44260884
2021-05-04,AAPL,Stock,288.14,294.94,287.11,289.72,39325474
2021-05-05,AAPL,Stock,269.3,271.41,267.19,269.68,63914445
2021-05-06,AAPL,Stock,245.88,247.83,244.84,245.16,51016045
2021-05-07,AAPL,Stock,235.03,237.32,234.48,235.71,57875935
2021-05-10,AAPL,Stock,232.26,235.76,233.85,234.6,52736752
2021-05-11,AAPL,Stock,230.18,232.58,230.33,231.58,62338283
2021-05-12,AAPL,Stock,223.62,228.27,225.22,225.42,42121684
2021-05-13,AAPL,Stock,222.74,226.22,221.65,224.81,39294975
2021-05-14,AAPL,Stock,239.63,239.91,238.68,239.66,40993943
2021-05-17,AAPL,Stock,235.39,237.7,231.96,233.96,59352589
2021-05-18,AAPL,Stock,240.48,239.43,235.04,239.28,49702862
2021-05-19,AAPL,Stock,246.21,248.15,246.43,247.43,45192355
2021-05-20,AAPL,Stock,231.05,233.09,231.54,232.51,35583832
2021-05-21,AAPL,Stock,236.47,237.0,235.01,235.84,38490233
2021-05-24,AAPL,Stock,230.29,232.88,230.22,231.97,53294639
2021-05-25,AAPL,Stock,235.14,239.93,232.03,236.23,50602433
2021-05-26,AAPL,Stock,230.42,231.49,229.08,230.4,51688707
2021-05-27,AAPL,Stock,220.77,224.61,220.13,220.21,54295654
2021-05-28,AAPL,Stock,216.38,217.03,215.05,215.37,50458891
2021-05-31,AAPL,Stock,228.14,229.75,225.61,227.12,57754280
2021-06-01,AAPL,Stock,208.58,207.4,206.54,206.63,61662924
2021-06-02,AAPL,Stock,214.16,215.92,211.57,213.07,62787390
2021-06-03,AAPL,Stock,209.87,211.96,206.7,207.97,57045601
2021-06-04,AAPL,Stock,194.58,197.93,191.08,195.1,47474003
2021-06-07,AAPL,Stock,192.13,191.6,190.66,191.44,43771290
2021-06-08,AAPL,Stock,205.92,208.04,204.84,206.88,47098469
2021-06-09,AAPL,Stock,200.2,202.84,201.5,201.83,48271480
2021-06-10,AAPL,Stock,208.68,212.54,207.51,210.01,42653896
2021-06-11,AAPL,Stock,200.65,201.82,197.3,199.58,57976867
2021-06-14,AAPL,Stock,203.44,203.05,200.89,201.99,52102549
2021-06-15,AAPL,Stock,201.96,203.97,203.79,203.96,62021529
2021-06-16,AAPL,Stock,200.09,202.98,198.92,201.16,47693583
2021-06-17,AAPL,Stock,184.24,184.11,181.32,184.02,49040799
2021-06-18,AAPL,Stock,175.75,176.9,175.23,175.38,59495313
2021-06-21,AAPL,Stock,180.95,183.15,181.72,182.29,48261519
2021-06-22,AAPL,Stock,175.87,177.76,176.89,177.54,59029466
2021-06-23,AAPL,Stock,182.8,184.98,181.89,182.3,53679166
2021-06-24,AAPL,Stock,176.6,178.71,177.18,178.23,62576101
2021-06-25,AAPL,Stock,176.03,176.34,174.84,176.09,59805148
2021-06-28,AAPL,Stock,178.79,178.95,178.84,178.92,50449368
2021-06-29,AAPL,Stock,181.19,181.43,178.01,179.5,61739063
2021-06-30,AAPL,Stock,182.08,182.35,181.16,181.74,38858760
2021-07-01,AAPL,Stock,193.87,192.13,190.48,192.12,63182597
2021-07-02,AAPL,Stock,190.05,192.53,189.0,191.87,36977182
2021-07-05,AAPL,Stock,187.23,187.53,182.96,186.31,47482503
2021-07-06,AAPL,Stock,195.88,197.9,196.65,197.18,58525825
2021-07-07,AAPL,Stock,196.31,197.75,196.0,197.03,62206159
2021-07-08,AAPL,Stock,198.03,201.4,193.97,197.82,54258854
2021-07-09,AAPL,Stock,208.5,207.87,206.65,206.99,42024610
2021-07-12,AAPL,Stock,210.71,213.01,211.41,211.99,59907964
2021-07-13,AAPL,Stock,196.05,198.1,195.3,197.45,43693527
2021-07-14,AAPL,Stock,198.98,199.57,197.14,197.4,36926511
2021-07-15,AAPL,Stock,176.61,180.37,176.87,178.32,61141284
2021-07-16,AAPL,Stock,181.22,180.35,179.28,179.84,47278058
2021-07-19,AAPL,Stock,176.65,178.69,176.49,178.22,48746303
2021-07-20,AAPL,Stock,190.95,193.59,187.67,190.95,38967134
2021-07-21,AAPL,Stock,185.93,187.21,184.89,185.73,63100850
2021-07-22,AAPL,Stock,199.45,201.93,198.95,200.56,63322275
2021-07-23,AAPL,Stock,194.73,198.1,194.86,195.78,57704103
2021-07-26,AAPL,Stock,200.87,202.45,200.7,201.88,52133134
2021-07-27,AAPL,Stock,205.27,206.49,205.34,205.45,64266940
2021-07-28,AAPL,Stock,202.34,202.96,199.03,200.82,56274320
2021-07-29,AAPL,Stock,204.42,203.33,202.53,202.91,52452819
2021-07-30,AAPL,Stock,192.7,195.69,193.51,194.41,63977984
2021-08-02,AAPL,Stock,191.67,190.12,188.87,189.8,41083396
2021-08-03,AAPL,Stock,181.28,180.23,176.78,179.83,40416387
2021-08-04,AAPL,Stock,188.6,188.38,185.61,186.95,35916887
2021-08-05,AAPL,Stock,187.35,188.28,187.08,187.96,60760504
2021-08-06,AAPL,Stock,181.15,185.0,181.81,182.82,51520105
2021-08-09,AAPL,Stock,186.17,186.72,184.49,185.15,59648205
2021-08-10,AAPL,Stock,172.42,173.06,170.82,172.55,58404959
2021-08-11,AAPL,Stock,159.77,161.31,159.04,160.05,59667231
2021-08-12,AAPL,Stock,159.16,159.92,158.18,158.69,53067735
2021-08-13,AAPL,Stock,151.84,152.93,150.15,151.47,61566693
2021-08-16,AAPL,Stock,152.3,152.75,150.85,151.72,46075520
2021-08-17,AAPL,Stock,159.5,161.12,158.33,159.17,61491277
2021-08-18,AAPL,Stock,163.13,164.12,160.76,163.78,37336371
2021-08-19,AAPL,Stock,156.93,157.51,155.92,156.7,37710871
2021-08-20,AAPL,Stock,158.74,160.04,154.59,157.71,54499241
2021-08-23,AAPL,Stock,172.83,174.05,173.35,173.96,56858788
2021-08-24,AAPL,Stock,169.9,171.33,168.39,169.42,62761126
2021-08-25,AAPL,Stock,173.52,172.25,171.32,172.04,63589526
2021-08-26,AAPL,Stock,166.74,169.73,164.53,165.92,63719413
2021-08-27,AAPL,Stock,166.96,168.46,166.49,167.75,53924384
2021-08-30,AAPL,Stock,171.47,170.39,169.6,170.34,63137579
2021-08-31,AAPL,Stock,170.77,172.31,171.07,172.1,48674166
2021-09-01,AAPL,Stock,172.83,175.34,170.12,172.95,61698589
2021-09-02,AAPL,Stock,168.12,169.05,168.91,169.02,52597146
2021-09-03,AAPL,Stock,163.23,163.19,161.59,161.64,59253418
2021-09-06,AAPL,Stock,166.88,167.64,165.16,165.98,60760879
2021-09-07,AAPL,Stock,164.47,166.09,165.25,166.0,50970373
2021-09-08,AAPL,Stock,164.73,164.63,163.57,163.81,53612988
2021-09-09,AAPL,Stock,164.86,164.31,163.78,164.06,44628902
2021-09-10,AAPL,Stock,164.49,167.36,164.59,165.86,61195886
2021-09-13,AAPL,Stock,165.48,167.3,164.68,164.78,43049401
2021-09-14,AAPL,Stock,158.16,160.88,157.18,158.27,53495104
2021-09-15,AAPL,Stock,158.3,159.25,158.33,158.53,58802870
2021-09-16,AAPL,Stock,162.4,165.06,161.97,163.96,41125613
2021-09-17,AAPL,Stock,164.36,164.76,161.42,164.21,49203353
2021-09-20,AAPL,Stock,164.42,164.75,161.0,163.54,49381845
2021-09-21,AAPL,Stock,170.24,169.54,169.16,169.32,44111936
2021-09-22,AAPL,Stock,161.14,160.83,159.09,160.43,35577850
2021-09-23,AAPL,Stock,155.46,157.65,155.81,156.77,35753450
2021-09-24,AAPL,Stock,167.15,167.17,164.57,165.9,50215311
2021-09-27,AAPL,Stock,171.76,170.92,168.63,170.34,44338319
2021-09-28,AAPL,Stock,160.14,162.91,159.83,161.35,64347400
2021-09-29,AAPL,Stock,165.29,166.16,165.5,165.75,50249130
2021-09-30,AAPL,Stock,172.67,172.37,169.76,171.64,52368405
2021-10-01,AAPL,Stock,164.98,169.07,166.21,166.39,58807033
2021-10-04,AAPL,Stock,164.73,165.58,164.45,165.15,43599004
2021-10-05,AAPL,Stock,166.33,166.35,163.91,165.16,35781889
2021-10-06,AAPL,Stock,161.63,164.19,162.13,162.46,45688439
2021-10-07,AAPL,Stock,178.34,179.32,176.19,177.89,52015118
2021-10-08,AAPL,Stock,179.8,180.29,178.77,179.52,38351192
2021-10-11,AAPL,Stock,175.26,178.38,172.89,176.55,60369695
2021-10-12,AAPL,Stock,177.06,176.21,175.28,175.95,47441832
2021-10-13,AAPL,Stock,173.84,175.76,175.07,175.23,61305532
2021-10-14,AAPL,Stock,175.65,176.11,172.9,174.2,42391769
2021-10-15,AAPL,Stock,173.95,175.2,172.23,174.06,52530318
2021-10-18,AAPL,Stock,178.56,181.83,178.56,180.16,48592980
2021-10-19,AAPL,Stock,176.78,176.52,176.19,176.2,61585950
2021-10-20,AAPL,Stock,176.48,175.64,172.92,175.55,41950135
2021-10-21,AAPL,Stock,178.16,182.56,178.83,179.46,46561827
2021-10-22,AAPL,Stock,179.74,183.21,180.24,181.5,52940410
2021-10-25,AAPL,Stock,189.98,192.12,186.79,189.22,50650031
2021-10-26,AAPL,Stock,196.8,197.45,194.5,195.76,57422581
2021-10-27,AAPL,Stock,198.97,199.38,195.45,198.79,58625514
2021-10-28,AAPL,Stock,212.28,217.96,213.11,214.19,61363202
2021-10-29,AAPL,Stock,227.71,229.87,229.03,229.28,52227269
2021-11-01,AAPL,Stock,224.31,226.02,221.28,223.99,54063664
2021-11-02,AAPL,Stock,223.41,224.91,221.93,222.42,47213546
2021-11-03,AAPL,Stock,216.53,217.64,214.09,215.8,38731242
2021-11-04,AAPL,Stock,205.48,208.6,204.74,205.62,51723276
2021-11-05,AAPL,Stock,214.6,215.08,214.3,214.76,57478885
2021-11-08,AAPL,Stock,208.26,210.22,207.42,208.8,45570645
2021-11-09,AAPL,Stock,218.69,219.4,215.03,217.21,43804109
2021-11-10,AAPL,Stock,219.11,222.89,217.84,220.18,35712960
2021-11-11,AAPL,Stock,235.53,236.17,234.15,236.03,38900696
2021-11-12,AAPL,Stock,242.43,246.25,241.01,243.56,46687917
2021-11-15,AAPL,Stock,233.36,235.87,235.08,235.47,64376318
2021-11-16,AAPL,Stock,224.06,225.29,220.01,223.57,54717291
2021-11-17,AAPL,Stock,222.53,221.14,220.57,220.91,51361060
2021-11-18,AAPL,Stock,220.35,222.49,219.54,221.46,52515775
2021-11-19,AAPL,Stock,218.46,218.69,215.95,218.1,50983961
2021-11-22,AAPL,Stock,221.45,222.47,219.36,220.04,48230852
2021-11-23,AAPL,Stock,218.1,220.47,216.48,217.66,47715526
2021-11-24,AAPL,Stock,212.39,216.15,213.53,214.18,51447610
2021-11-25,AAPL,Stock,212.91,215.02,211.76,214.84,41652733
2021-11-26,AAPL,Stock,215.96,218.77,216.32,217.6,42990723
2021-11-29,AAPL,Stock,205.32,204.82,201.84,204.23,46869963
2021-11-30,AAPL,Stock,205.8,208.24,204.39,206.13,42478054
2021-12-01,AAPL,Stock,205.29,207.32,203.68,204.22,54434343
2021-12-02,AAPL,Stock,201.12,203.02,198.37,200.78,37664396
2021-12-03,AAPL,Stock,205.33,208.25,206.11,207.33,51046320
2021-12-06,AAPL,Stock,194.19,195.63,192.16,194.57,64409145
2021-12-07,AAPL,Stock,185.62,186.19,185.14,186.12,58965564
2021-12-08,AAPL,Stock,188.97,190.04,189.09,189.97,64230483
2021-12-09,AAPL,Stock,187.73,191.22,188.03,188.63,64910798
2021-12-10,AAPL,Stock,182.74,181.37,180.87,181.18,58034203
2021-12-13,AAPL,Stock,186.27,188.07,184.63,186.03,42629089
2021-12-14,AAPL,Stock,197.97,197.49,195.9,196.32,37866004
2021-12-15,AAPL,Stock,212.67,218.04,209.61,214.2,49570396
2021-12-16,AAPL,Stock,219.01,219.2,215.87,217.41,46942079
2021-12-17,AAPL,Stock,206.99,208.44,205.99,207.76,56263740
2021-12-20,AAPL,Stock,203.1,204.03,199.64,201.49,35745662
2021-12-21,AAPL,Stock,184.67,187.65,182.08,184.79,38618815
2021-12-22,AAPL,Stock,177.7,177.52,176.04,177.22,42372666
2021-12-23,AAPL,Stock,178.02,177.79,175.11,177.17,63388424
2021-12-24,AAPL,Stock,185.67,185.85,183.75,184.29,45976032
2021-12-27,AAPL,Stock,171.09,172.55,170.87,172.26,40531095
2021-12-28,AAPL,Stock,177.03,178.6,171.74,175.33,39750495
2021-12-29,AAPL,Stock,169.34,171.76,168.16,168.96,47513422
2021-12-30,AAPL,Stock,171.98,175.79,169.71,172.93,41389081
2021-12-31,AAPL,Stock,159.34,161.75,156.98,159.64,57953183
2022-01-03,AAPL,Stock,152.86,154.79,151.57,153.56,57708057
2022-01-04,AAPL,Stock,163.17,162.2,162.03,162.17,59209397
2022-01-05,AAPL,Stock,158.61,158.59,156.79,158.54,62426759
2022-01-06,AAPL,Stock,153.18,154.13,151.58,152.12,55506338
2022-01-07,AAPL,Stock,159.46,161.99,158.95,160.53,37923677
2022-01-10,AAPL,Stock,162.73,162.52,162.01,162.37,36672103
2022-01-11,AAPL,Stock,159.94,164.29,158.68,161.53,59407669
2022-01-12,AAPL,Stock,169.2,168.63,167.18,168.04,58748864
2022-01-13,AAPL,Stock,165.46,168.1,162.71,164.49,43638374
2022-01-14,AAPL,Stock,175.19,174.28,172.19,173.69,63707144
2022-01-17,AAPL,Stock,173.12,175.29,170.62,173.48,59586955
2022-01-18,AAPL,Stock,178.29,180.93,176.03,177.2,55409912
2022-01-19,AAPL,Stock,175.77,177.36,176.11,176.12,60498898
2022-01-20,AAPL,Stock,177.63,177.89,175.63,176.85,55637112
2022-01-21,AAPL,Stock,179.31,180.85,175.88,179.42,53016210
2022-01-24,AAPL,Stock,190.62,189.97,185.32,189.06,46821011
2022-01-25,AAPL,Stock,191.74,194.36,192.31,192.78,50463486
2022-01-26,AAPL,Stock,182.65,184.15,181.4,181.85,42547573
2022-01-27,AAPL,Stock,183.52,185.52,181.5,183.64,45881879
2022-01-28,AAPL,Stock,174.87,175.47,174.87,174.97,50411839
2022-01-31,AAPL,Stock,170.41,170.68,166.77,169.64,42539956
2022-02-01,AAPL,Stock,172.8,171.96,170.34,171.55,41047371
2022-02-02,AAPL,Stock,168.1,168.33,164.85,166.56,58225973
2022-02-03,AAPL,Stock,173.13,173.03,169.83,171.44,39204086
2022-02-04,AAPL,Stock,166.35,166.93,165.73,166.66,50965590
2022-02-07,AAPL,Stock,159.43,160.63,159.44,160.1,57259926
2022-02-08,AAPL,Stock,149.38,150.55,148.79,149.46,43297758
2022-02-09,AAPL,Stock,154.55,156.61,153.68,154.98,51403556
2022-02-10,AAPL,Stock,154.05,152.78,151.94,152.62,47443432
2022-02-11,AAPL,Stock,142.71,143.33,139.36,141.61,52150871
2022-02-14,AAPL,Stock,139.4,139.18,138.52,139.0,52719229
2022-02-15,AAPL,Stock,138.18,139.14,137.71,138.98,57105221
2022-02-16,AAPL,Stock,141.85,141.3,140.6,140.98,55179566
2022-02-17,AAPL,Stock,137.78,138.11,136.45,137.21,44064693
2022-02-18,AAPL,Stock,128.84,129.75,129.49,129.62,43001263
2022-02-21,AAPL,Stock,133.95,134.47,131.49,134.18,57490161
2022-02-22,AAPL,Stock,136.22,137.21,136.39,136.71,47415837
2022-02-23,AAPL,Stock,139.78,141.44,139.14,139.75,56613698
2022-02-24,AAPL,Stock,132.78,133.36,132.3,133.15,49257190
2022-02-25,AAPL,Stock,127.76,130.45,127.96,128.61,45585040
2022-02-28,AAPL,Stock,121.27,125.16,120.09,122.34,44056265
2022-03-01,AAPL,Stock,116.2,116.25,113.69,115.48,46782717
2022-03-02,AAPL,Stock,111.06,110.95,110.07,110.9,36638956
2022-03-03,AAPL,Stock,106.32,107.83,105.18,106.47,39917339
2022-03-04,AAPL,Stock,107.3,109.02,107.72,108.01,49624119
2022-03-07,AAPL,Stock,109.51,110.46,109.61,109.97,57795259
2022-03-08,AAPL,Stock,106.79,106.94,106.4,106.78,44430245
2022-03-09,AAPL,Stock,109.32,109.99,109.06,109.53,39415137
2022-03-10,AAPL,Stock,107.15,107.94,107.21,107.71,35426805
2022-03-11,AAPL,Stock,103.24,103.72,102.41,103.12,47496927
2022-03-14,AAPL,Stock,106.06,108.72,104.05,106.19,58702444
2022-03-15,AAPL,Stock,103.05,104.48,103.27,103.7,61077726
2022-03-16,AAPL,Stock,109.47,109.57,107.09,108.72,35410419
2022-03-17,AAPL,Stock,112.12,113.73,110.2,111.18,63517521
2022-03-18,AAPL,Stock,109.1,110.51,107.69,109.15,64782736
2022-03-21,AAPL,Stock,116.5,118.39,113.88,116.38,35871463
2022-03-22,AAPL,Stock,118.52,120.24,117.07,118.88,56648494
2022-03-23,AAPL,Stock,117.68,119.13,117.09,117.64,52151016
2022-03-24,AAPL,Stock,120.81,119.94,117.26,119.63,61320648
2022-03-25,AAPL,Stock,117.92,119.98,115.19,117.65,64455601
2022-03-28,AAPL,Stock,131.48,130.95,130.44,130.56,63571679
2022-03-29,AAPL,Stock,125.06,128.17,124.22,126.29,44502087
2022-03-30,AAPL,Stock,128.83,128.63,127.68,128.49,50597226
2022-03-31,AAPL,Stock,139.32,139.27,137.7,138.35,40528903
2022-04-01,AAPL,Stock,133.84,134.56,134.08,134.48,37148870
2022-04-04,AAPL,Stock,136.81,136.8,134.64,135.64,50251715
2022-04-05,AAPL,Stock,133.86,135.35,134.08,134.82,54022902
2022-04-06,AAPL,Stock,137.42,137.69,137.11,137.41,37015122
2022-04-07,AAPL,Stock,126.51,125.68,125.1,125.47,37994899
2022-04-08,AAPL,Stock,126.78,128.79,126.25,127.62,36365160
2022-04-11,AAPL,Stock,123.73,124.97,123.99,124.38,38137708
2022-04-12,AAPL,Stock,121.03,120.72,120.41,120.61,62182355
2022-04-13,AAPL,Stock,120.49,120.92,119.75,120.75,63803700
2022-04-14,AAPL,Stock,117.93,119.13,117.4,118.63,45743129
2022-04-15,AAPL,Stock,126.44,127.22,125.11,126.09,57110978
2022-04-18,AAPL,Stock,128.24,129.85,126.66,127.28,35418244
2022-04-19,AAPL,Stock,127.03,126.99,124.89,126.29,42138866
2022-04-20,AAPL,Stock,137.87,137.58,133.72,136.66,43351028
2022-04-21,AAPL,Stock,138.76,143.29,138.72,140.14,64581774
2022-04-22,AAPL,Stock,145.94,149.39,144.47,147.25,36354347
2022-04-25,AAPL,Stock,138.09,139.54,137.52,138.94,39914217
2022-04-26,AAPL,Stock,138.74,139.55,138.15,138.35,51845332
2022-04-27,AAPL,Stock,145.04,144.86,142.73,143.82,53781418
2022-04-28,AAPL,Stock,149.63,150.71,149.48,149.79,57110762
2022-04-29,AAPL,Stock,155.89,157.23,154.31,156.71,64266630
2022-05-02,AAPL,Stock,169.1,171.84,167.15,168.34,62941089
2022-05-03,AAPL,Stock,161.67,161.32,160.4,161.04,63237009
2022-05-04,AAPL,Stock,164.1,165.9,163.53,164.7,37529626
2022-05-05,AAPL,Stock,157.34,155.87,155.28,155.82,54556760
2022-05-06,AAPL,Stock,161.74,162.46,160.46,162.46,51816640
2022-05-09,AAPL,Stock,165.67,168.89,166.74,167.29,50533125
2022-05-10,AAPL,Stock,156.18,157.83,156.19,156.94,39962634
2022-05-11,AAPL,Stock,150.05,151.35,150.04,150.88,62364577
2022-05-12,AAPL,Stock,148.51,149.02,147.2,148.28,63255117
2022-05-13,AAPL,Stock,154.1,156.39,152.7,154.74,40696305
2022-05-16,AAPL,Stock,157.54,158.48,155.54,157.47,63555610
2022-05-17,AAPL,Stock,162.03,164.62,161.94,163.5,43457509
2022-05-18,AAPL,Stock,155.2,155.81,155.07,155.25,54680528
2022-05-19,AAPL,Stock,148.64,150.44,145.63,147.52,37353660
2022-05-20,AAPL,Stock,151.31,151.12,148.97,150.08,54066741
2022-05-23,AAPL,Stock,154.68,154.74,151.05,154.66,40443915
2022-05-24,AAPL,Stock,162.55,164.45,161.53,161.69,60346079
2022-05-25,AAPL,Stock,166.42,165.9,164.9,164.93,42677518
2022-05-26,AAPL,Stock,163.58,163.1,161.0,162.9,58045645
2022-05-27,AAPL,Stock,167.41,166.31,166.05,166.06,38252016
2022-05-30,AAPL,Stock,156.1,158.83,152.51,155.4,57404058
2022-05-31,AAPL,Stock,154.51,154.47,152.05,153.44,49240335
2022-06-01,AAPL,Stock,155.59,157.72,152.29,155.33,38057566
2022-06-02,AAPL,Stock,149.95,150.74,148.94,150.6,64756666
2022-06-03,AAPL,Stock,149.68,151.01,150.41,150.9,54531478
2022-06-06,AAPL,Stock,147.96,150.21,146.34,149.03,41186674
2022-06-07,AAPL,Stock,136.73,139.11,137.61,137.87,58098982
2022-06-08,AAPL,Stock,138.72,140.36,139.01,139.4,38811098
2022-06-09,AAPL,Stock,143.7,144.66,142.85,143.3,38708912
2022-06-10,AAPL,Stock,142.07,142.97,142.2,142.22,48477135
2022-06-13,AAPL,Stock,129.61,130.03,127.94,129.24,63851710
2022-06-14,AAPL,Stock,135.99,136.98,133.51,135.84,58218889
2022-06-15,AAPL,Stock,139.35,139.3,138.64,138.77,61099184
2022-06-16,AAPL,Stock,138.11,138.9,136.28,137.57,54159211
2022-06-17,AAPL,Stock,139.15,139.78,138.22,138.91,62654142
2022-06-20,AAPL,Stock,142.71,143.15,140.24,142.04,63904329
2022-06-21,AAPL,Stock,145.63,147.71,144.3,145.71,62848317
2022-06-22,AAPL,Stock,141.1,143.09,140.95,141.91,52270322
2022-06-23,AAPL,Stock,146.61,147.19,145.33,146.4,64762300
2022-06-24,AAPL,Stock,139.8,140.15,137.38,139.26,46303623
2022-06-27,AAPL,Stock,140.79,141.34,140.62,141.3,50201363
2022-06-28,AAPL,Stock,132.94,135.12,132.86,134.12,37392152
2022-06-29,AAPL,Stock,129.69,129.02,127.34,128.5,40018874
2022-06-30,AAPL,Stock,129.79,129.26,128.39,128.58,45389412
2022-07-01,AAPL,Stock,126.18,126.29,125.69,125.72,49533373
2022-07-04,AAPL,Stock,121.22,123.58,119.67,121.51,43859839
2022-07-05,AAPL,Stock,125.84,125.68,124.51,125.53,43393447
2022-07-06,AAPL,Stock,118.49,118.77,117.4,117.99,58807341
2022-07-07,AAPL,Stock,118.56,120.27,118.07,119.02,41958014
2022-07-08,AAPL,Stock,118.97,120.1,119.46,119.71,55615812
2022-07-11,AAPL,Stock,120.09,120.67,119.84,120.64,43217847
2022-07-12,AAPL,Stock,121.57,121.81,119.35,121.11,47685271
2022-07-13,AAPL,Stock,121.58,120.81,120.38,120.54,44802789
2022-07-14,AAPL,Stock,127.43,128.46,127.39,127.99,44750041
2022-07-15,AAPL,Stock,121.99,124.37,121.0,122.35,43512475
2022-07-18,AAPL,Stock,122.22,121.57,120.72,121.1,52422926
2022-07-19,AAPL,Stock,120.28,123.11,118.5,120.83,46291656
2022-07-20,AAPL,Stock,122.59,123.23,122.07,123.07,62373825
2022-07-21,AAPL,Stock,116.38,117.78,116.33,116.55,63302154
2022-07-22,AAPL,Stock,117.92,117.57,116.25,117.42,63398137
2022-07-25,AAPL,Stock,118.12,119.52,118.24,118.44,64228886
2022-07-26,AAPL,Stock,119.41,120.25,118.02,118.23,55053109
2022-07-27,AAPL,Stock,117.78,119.67,118.04,118.78,47651836
2022-07-28,AAPL,Stock,109.94,110.89,107.97,109.79,39032365
2022-07-29,AAPL,Stock,111.68,111.62,110.72,111.22,37243524
2022-08-01,AAPL,Stock,114.4,114.85,113.7,114.45,56106179
2022-08-02,AAPL,Stock,115.71,117.29,113.52,115.57,54469010
2022-08-03,AAPL,Stock,110.93,112.93,109.99,111.83,57046790
2022-08-04,AAPL,Stock,112.86,113.02,112.85,112.88,38111743
2022-08-05,AAPL,Stock,109.38,109.71,107.58,108.66,61472009
2022-08-08,AAPL,Stock,104.09,106.52,104.78,104.91,44155931
2022-08-09,AAPL,Stock,96.74,97.51,96.71,97.19,60792384
2022-08-10,AAPL,Stock,98.64,99.58,98.66,98.73,44021410
2022-08-11,AAPL,Stock,104.2,106.72,104.48,104.94,48285070
2022-08-12,AAPL,Stock,100.42,102.86,99.72,101.14,47755023
2022-08-15,AAPL,Stock,101.69,102.26,101.65,101.8,43524046
2022-08-16,AAPL,Stock,98.19,97.7,96.92,97.22,46690711
2022-08-17,AAPL,Stock,100.6,100.49,99.06,100.35,49114019
2022-08-18,AAPL,Stock,100.0,99.84,99.1,99.77,43522159
2022-08-19,AAPL,Stock,94.73,94.59,92.65,94.12,55111151
2022-08-22,AAPL,Stock,92.91,94.04,93.05,93.11,54849159
2022-08-23,AAPL,Stock,95.14,96.28,93.55,94.74,39158396
2022-08-24,AAPL,Stock,99.52,101.13,99.8,100.42,54172628
2022-08-25,AAPL,Stock,103.58,105.02,104.14,104.55,48193589
2022-08-26,AAPL,Stock,101.89,102.32,100.27,101.88,55267720
2022-08-29,AAPL,Stock,92.02,92.98,91.17,91.91,42253805
2022-08-30,AAPL,Stock,88.2,88.31,87.44,87.45,41044379
2022-08-31,AAPL,Stock,90.37,89.91,89.57,89.78,37332701
2022-09-01,AAPL,Stock,87.42,88.04,87.67,87.82,60670821
2022-09-02,AAPL,Stock,82.45,83.6,82.02,82.71,61549456
2022-09-05,AAPL,Stock,84.35,85.15,83.37,84.49,42682444
2022-09-06,AAPL,Stock,86.51,88.24,86.3,87.06,61861503
2022-09-07,AAPL,Stock,83.74,84.45,83.22,83.78,38222963
2022-09-08,AAPL,Stock,85.63,87.0,86.08,86.24,58666295
2022-09-09,AAPL,Stock,80.88,83.28,80.4,81.4,61100641
2022-09-12,AAPL,Stock,81.11,81.38,80.95,80.98,63109749
2022-09-13,AAPL,Stock,82.16,82.66,81.56,81.96,45404681
2022-09-14,AAPL,Stock,80.1,81.69,80.09,80.78,39148032
2022-09-15,AAPL,Stock,86.07,86.37,85.67,86.2,62571781
2022-09-16,AAPL,Stock,89.33,90.07,88.35,89.36,44292692
2022-09-19,AAPL,Stock,89.89,91.26,88.99,89.67,46960672
2022-09-20,AAPL,Stock,85.72,86.2,84.02,85.43,62784381
2022-09-21,AAPL,Stock,84.67,84.4,84.03,84.25,38327829
2022-09-22,AAPL,Stock,82.63,83.04,82.57,82.67,60679781
2022-09-23,AAPL,Stock,83.29,84.23,83.37,83.92,59505181
2022-09-26,AAPL,Stock,89.13,89.72,88.17,89.29,58859191
2022-09-27,AAPL,Stock,91.76,91.61,89.95,91.23,56974128
2022-09-28,AAPL,Stock,94.71,96.81,93.85,95.04,43571324
2022-09-29,AAPL,Stock,99.67,101.62,100.62,100.65,41505293
2022-09-30,AAPL,Stock,98.21,98.06,95.68,97.73,48166262
2022-10-03,AAPL,Stock,96.49,96.26,94.03,95.8,59055619
2022-10-04,AAPL,Stock,94.57,95.56,94.87,95.09,53543580
2022-10-05,AAPL,Stock,86.81,87.18,85.89,86.48,43900304
2022-10-06,AAPL,Stock,89.73,89.69,88.52,89.32,43483864
2022-10-07,AAPL,Stock,94.76,94.05,93.42,93.92,60518118
2022-10-10,AAPL,Stock,97.63,97.75,97.15,97.39,49332936
2022-10-11,AAPL,Stock,94.08,94.05,93.47,93.55,62874705
2022-10-12,AAPL,Stock,94.13,95.7,94.39,94.61,37814305
2022-10-13,AAPL,Stock,94.2,94.58,93.99,94.11,38591896
2022-10-14,AAPL,Stock,94.96,95.98,95.37,95.42,63277319
2022-10-17,AAPL,Stock,96.66,98.95,96.87,96.88,52799729
2022-10-18,AAPL,Stock,95.57,97.41,95.66,96.39,42614233
2022-10-19,AAPL,Stock,97.42,99.46,97.24,97.92,44532807
2022-10-20,AAPL,Stock,102.37,103.09,102.36,103.05,63306504
2022-10-21,AAPL,Stock,103.91,103.5,103.26,103.38,44661056
2022-10-24,AAPL,Stock,107.12,108.02,104.75,106.44,50641584
2022-10-25,AAPL,Stock,107.05,108.44,106.85,107.52,64573105
2022-10-26,AAPL,Stock,100.1,101.55,100.31,100.95,62211738
2022-10-27,AAPL,Stock,101.07,102.1,101.52,101.86,40580498
2022-10-28,AAPL,Stock,95.79,95.96,93.36,95.14,58116183
2022-10-31,AAPL,Stock,92.35,93.1,91.91,92.82,60687107
2022-11-01,AAPL,Stock,95.37,96.89,93.48,95.31,46276841
2022-11-02,AAPL,Stock,98.19,98.98,98.48,98.82,49067278
2022-11-03,AAPL,Stock,99.81,100.06,99.52,99.73,63729601
2022-11-04,AAPL,Stock,99.94,102.81,98.69,100.66,46926268
2022-11-07,AAPL,Stock,97.84,99.74,97.69,98.76,57204702
2022-11-08,AAPL,Stock,100.18,99.58,99.06,99.21,45800442
2022-11-09,AAPL,Stock,99.86,100.94,99.82,100.43,51881406
2022-11-10,AAPL,Stock,92.5,92.73,91.7,92.29,64289191
2022-11-11,AAPL,Stock,90.22,90.5,89.63,90.08,55455653
2022-11-14,AAPL,Stock,93.58,93.0,92.31,92.75,35766300
2022-11-15,AAPL,Stock,96.66,97.22,96.43,97.09,55786570
2022-11-16,AAPL,Stock,95.94,96.98,94.81,95.18,38127317
2022-11-17,AAPL,Stock,95.89,97.51,94.84,96.2,55687752
2022-11-18,AAPL,Stock,95.24,95.75,94.77,95.71,57753773
2022-11-21,AAPL,Stock,99.5,99.96,99.1,99.42,47958071
2022-11-22,AAPL,Stock,99.9,101.34,98.92,99.66,46518154
2022-11-23,AAPL,Stock,100.3,102.49,100.29,100.69,55498939
2022-11-24,AAPL,Stock,106.69,106.28,105.51,106.17,47941295
2022-11-25,AAPL,Stock,111.61,112.62,112.22,112.5,53482555
2022-11-28,AAPL,Stock,118.52,118.78,118.22,118.76,37108821
2022-11-29,AAPL,Stock,115.22,114.99,113.0,114.14,54287118
2022-11-30,AAPL,Stock,114.17,115.15,113.43,114.15,42298667
2022-12-01,AAPL,Stock,114.38,115.62,112.81,114.48,47841845
2022-12-02,AAPL,Stock,113.34,115.47,110.61,113.19,52531429
2022-12-05,AAPL,Stock,110.92,111.85,109.7,110.76,37648103
2022-12-06,AAPL,Stock,114.23,113.72,112.1,113.27,45192652
2022-12-07,AAPL,Stock,112.09,112.72,111.96,112.02,63542333
2022-12-08,AAPL,Stock,110.99,111.89,110.31,110.69,50931227
2022-12-09,AAPL,Stock,108.6,108.31,107.22,107.58,47332838
2022-12-12,AAPL,Stock,104.66,104.63,103.1,104.25,52978198
2022-12-13,AAPL,Stock,95.34,95.11,94.37,94.52,48914896
2022-12-14,AAPL,Stock,93.41,92.81,92.52,92.6,60436944
2022-12-15,AAPL,Stock,93.78,93.62,91.75,93.46,54306212
2022-12-16,AAPL,Stock,92.7,94.43,92.31,92.84,55185336
2022-12-19,AAPL,Stock,94.96,96.36,94.9,95.52,61054189
2022-12-20,AAPL,Stock,97.59,97.18,95.01,96.86,43899495
2022-12-21,AAPL,Stock,92.37,94.67,92.42,93.14,47431451
2022-12-22,AAPL,Stock,90.59,92.45,90.32,90.94,37296148
2022-12-23,AAPL,Stock,88.75,89.3,87.17,88.6,46897589
2022-12-26,AAPL,Stock,92.03,93.65,91.25,92.39,55461826
2022-12-27,AAPL,Stock,97.06,97.44,95.76,97.09,53976416
2022-12-28,AAPL,Stock,97.36,98.33,96.4,97.79,58387981
2022-12-29,AAPL,Stock,96.28,97.31,96.25,96.73,57413926
2022-12-30,AAPL,Stock,96.95,97.89,97.52,97.68,43553069
2023-01-02,AAPL,Stock,98.2,99.23,96.53,97.26,38512985
2023-01-03,AAPL,Stock,95.16,95.99,94.69,95.32,51807574
2023-01-04,AAPL,Stock,91.69,92.44,91.52,92.22,54851215
2023-01-05,AAPL,Stock,87.34,88.1,87.66,87.91,47033521
2023-01-06,AAPL,Stock,86.23,87.41,85.34,86.56,54330208
2023-01-09,AAPL,Stock,84.87,85.32,84.79,85.07,61880957
2023-01-10,AAPL,Stock,85.82,86.6,83.85,85.55,49615381
2023-01-11,AAPL,Stock,89.08,91.52,88.63,89.77,35191527
2023-01-12,AAPL,Stock,86.3,87.34,85.93,86.59,49500983
2023-01-13,AAPL,Stock,83.6,83.83,82.6,83.14,53265767
2023-01-16,AAPL,Stock,79.68,80.32,78.46,79.9,60700128
2023-01-17,AAPL,Stock,77.64,78.98,78.05,78.24,41075735
2023-01-18,AAPL,Stock,74.89,76.15,74.97,75.58,35171304
2023-01-19,AAPL,Stock,80.28,81.53,80.42,81.06,44027087
2023-01-20,AAPL,Stock,83.68,85.04,82.25,84.27,40204800
2023-01-23,AAPL,Stock,83.63,84.24,82.59,83.98,56011659
2023-01-24,AAPL,Stock,83.63,83.96,83.36,83.53,58961108
2023-01-25,AAPL,Stock,83.68,84.31,82.95,83.25,57147878
2023-01-26,AAPL,Stock,77.0,76.81,76.17,76.52,51943763
2023-01-27,AAPL,Stock,73.7,74.16,72.54,73.16,62829145
2023-01-30,AAPL,Stock,73.28,73.27,72.97,73.16,36592885
2023-01-31,AAPL,Stock,73.94,74.99,73.52,74.22,62823024
2023-02-01,AAPL,Stock,76.82,76.82,76.45,76.5,52911594
2023-02-02,AAPL,Stock,76.36,75.89,75.48,75.68,44463367
2023-02-03,AAPL,Stock,75.76,76.18,74.37,75.27,55976489
2023-02-06,AAPL,Stock,76.58,76.88,75.76,76.36,44995756
2023-02-07,AAPL,Stock,76.08,76.99,75.52,76.25,56610680
2023-02-08,AAPL,Stock,72.13,73.11,72.57,72.78,56575412
2023-02-09,AAPL,Stock,68.25,68.66,67.73,67.99,45962676
2023-02-10,AAPL,Stock,65.76,66.8,66.27,66.37,54942599
2023-02-13,AAPL,Stock,60.66,60.59,60.14,60.58,41088360
2023-02-14,AAPL,Stock,61.7,61.53,60.65,61.38,51231744
2023-02-15,AAPL,Stock,57.66,58.29,57.62,57.94,56446908
2023-02-16,AAPL,Stock,56.62,56.82,56.65,56.78,45346371
2023-02-17,AAPL,Stock,55.5,55.72,55.16,55.26,48677508
2023-02-20,AAPL,Stock,59.32,59.59,58.49,59.43,38227822
2023-02-21,AAPL,Stock,59.42,59.54,59.04,59.23,56843765
2023-02-22,AAPL,Stock,62.28,63.95,61.52,62.56,62961986
2023-02-23,AAPL,Stock,67.29,67.48,66.63,67.12,50121664
2023-02-24,AAPL,Stock,70.3,71.45,69.72,70.88,41062255
2023-02-27,AAPL,Stock,68.59,70.79,68.02,69.24,51773018
2023-02-28,AAPL,Stock,66.29,66.8,66.29,66.74,56025720
2023-03-01,AAPL,Stock,67.48,67.73,66.79,67.05,55860141
2023-03-02,AAPL,Stock,61.18,60.87,60.66,60.68,44224137
2023-03-03,AAPL,Stock,60.44,60.66,60.26,60.44,38231287
2023-03-06,AAPL,Stock,57.79,57.55,57.21,57.45,40862265
2023-03-07,AAPL,Stock,57.96,57.59,56.5,57.51,61326874
2023-03-08,AAPL,Stock,56.97,57.49,57.18,57.23,63007801
2023-03-09,AAPL,Stock,59.81,59.68,58.77,59.25,39761597
2023-03-10,AAPL,Stock,60.86,60.85,60.53,60.58,46649668
2023-03-13,AAPL,Stock,62.84,63.12,62.51,62.6,57683722
2023-03-14,AAPL,Stock,62.12,61.99,60.85,61.64,47343133
2023-03-15,AAPL,Stock,59.33,60.28,58.35,59.13,44133216
2023-03-16,AAPL,Stock,56.54,56.78,56.39,56.75,35422426
2023-03-17,AAPL,Stock,54.23,54.17,53.58,54.09,43031076
2023-03-20,AAPL,Stock,57.15,56.65,55.91,56.62,45493749
2023-03-21,AAPL,Stock,53.65,53.94,52.63,53.57,46183071
2023-03-22,AAPL,Stock,53.57,54.7,53.17,53.76,63684859
2023-03-23,AAPL,Stock,53.72,54.24,53.44,53.66,49897281
2023-03-24,AAPL,Stock,51.96,52.7,51.18,51.85,53115563
2023-03-27,AAPL,Stock,50.56,50.51,50.07,50.45,51644207
2023-03-28,AAPL,Stock,51.24,52.21,50.18,51.11,46428466
2023-03-29,AAPL,Stock,48.87,48.82,47.7,48.43,64317133
2023-03-30,AAPL,Stock,48.12,48.55,46.94,47.66,51789301
2023-03-31,AAPL,Stock,44.38,44.04,43.97,44.03,58901734
2023-04-03,AAPL,Stock,45.49,46.52,45.36,45.57,61895578
2023-04-04,AAPL,Stock,48.69,48.97,47.88,48.33,51283991
2023-04-05,AAPL,Stock,46.38,47.08,45.68,46.45,48751412
2023-04-06,AAPL,Stock,46.96,46.73,46.64,46.66,57214025
2023-04-07,AAPL,Stock,48.46,49.45,47.85,48.61,41162433
2023-04-10,AAPL,Stock,50.19,50.68,50.25,50.39,53528074
2023-04-11,AAPL,Stock,52.59,52.33,51.94,52.1,36435601
2023-04-12,AAPL,Stock,48.91,49.29,48.89,48.92,43348563
2023-04-13,AAPL,Stock,46.24,46.3,46.15,46.2,39236282
2023-04-14,AAPL,Stock,45.11,45.61,45.41,45.45,61261974
2023-04-17,AAPL,Stock,51.47,52.1,51.37,51.41,46237491
2023-04-18,AAPL,Stock,53.51,53.68,53.36,53.56,47647444
2023-04-19,AAPL,Stock,50.4,50.77,50.38,50.46,59795387
2023-04-20,AAPL,Stock,48.34,48.57,48.33,48.45,63892442
2023-04-21,AAPL,Stock,47.48,48.03,47.47,47.91,36649681
2023-04-24,AAPL,Stock,48.12,47.88,47.47,47.7,45621351
2023-04-25,AAPL,Stock,45.0,46.13,44.39,45.34,46606951
2023-04-26,AAPL,Stock,41.48,41.58,41.21,41.57,59801275
2023-04-27,AAPL,Stock,41.99,42.53,42.1,42.3,37592190
2023-04-28,AAPL,Stock,41.64,42.14,41.62,41.64,63932395
2023-05-01,AAPL,Stock,39.95,40.35,39.47,40.14,64817120
2023-05-02,AAPL,Stock,38.28,39.08,38.03,38.63,56227430
2023-05-03,AAPL,Stock,36.36,36.65,36.26,36.3,61311639
2023-05-04,AAPL,Stock,34.2,34.52,34.49,34.52,43588325
2023-05-05,AAPL,Stock,34.44,34.58,34.39,34.46,64476810
2023-05-08,AAPL,Stock,34.86,35.12,34.97,35.08,40356910
2023-05-09,AAPL,Stock,35.42,35.99,35.0,35.59,50526244
2023-05-10,AAPL,Stock,34.05,34.19,33.71,33.78,64702442
2023-05-11,AAPL,Stock,35.46,35.89,34.68,35.35,48685199
2023-05-12,AAPL,Stock,35.57,36.1,35.59,35.75,42843373
2023-05-15,AAPL,Stock,34.05,34.28,34.21,34.28,35269090
2023-05-16,AAPL,Stock,33.59,33.66,33.19,33.35,51657932
2023-05-17,AAPL,Stock,34.88,35.7,34.59,35.03,46367089
2023-05-18,AAPL,Stock,37.67,37.74,37.13,37.42,51214970
2023-05-19,AAPL,Stock,39.46,39.71,39.07,39.18,47900229
2023-05-22,AAPL,Stock,40.26,40.39,39.72,40.19,36170852
2023-05-23,AAPL,Stock,41.93,42.13,41.63,41.64,51693471
2023-05-24,AAPL,Stock,42.17,43.13,41.66,42.39,59389949
2023-05-25,AAPL,Stock,44.64,45.27,44.51,44.68,42225344
2023-05-26,AAPL,Stock,42.7,42.71,42.33,42.48,59866048
2023-05-29,AAPL,Stock,43.08,43.66,42.77,42.89,39823452
2023-05-30,AAPL,Stock,41.1,40.78,40.27,40.77,54253741
2023-05-31,AAPL,Stock,41.25,41.18,40.55,41.05,54087946
2023-06-01,AAPL,Stock,40.8,40.86,40.69,40.75,44774897
2023-06-02,AAPL,Stock,38.19,38.4,37.82,38.05,48475561
2023-06-05,AAPL,Stock,37.2,37.96,37.47,37.47,40543538
2023-06-06,AAPL,Stock,37.58,37.97,36.93,37.38,50104949
2023-06-07,AAPL,Stock,34.93,35.5,34.9,35.0,59655749
2023-06-08,AAPL,Stock,35.25,35.56,34.91,35.15,49250738
2023-06-09,AAPL,Stock,35.23,35.33,34.65,35.11,50908159
2023-06-12,AAPL,Stock,34.45,34.86,34.62,34.74,45005675
2023-06-13,AAPL,Stock,36.31,36.56,36.12,36.39,59890105
2023-06-14,AAPL,Stock,37.84,38.24,37.7,38.06,48959533
2023-06-15,AAPL,Stock,36.25,36.57,36.14,36.16,55399732
2023-06-16,AAPL,Stock,37.61,37.91,37.59,37.7,61727915
2023-06-19,AAPL,Stock,35.14,35.88,34.86,35.35,37337748
2023-06-20,AAPL,Stock,34.75,34.66,34.22,34.57,61702435
2023-06-21,AAPL,Stock,34.0,34.09,33.93,34.04,50603352
2023-06-22,AAPL,Stock,35.65,35.83,35.15,35.53,35229554
2023-06-23,AAPL,Stock,35.8,35.56,35.45,35.54,57075350
2023-06-26,AAPL,Stock,36.9,37.2,36.3,36.9,63339566
2023-06-27,AAPL,Stock,37.83,38.02,37.59,37.82,43706418
2023-06-28,AAPL,Stock,38.76,39.13,39.01,39.04,57417629
2023-06-29,AAPL,Stock,39.89,40.56,39.88,40.15,47113928
2023-06-30,AAPL,Stock,38.55,38.54,37.48,38.17,57583456
2023-07-03,AAPL,Stock,37.98,38.31,37.92,38.28,57222529
2023-07-04,AAPL,Stock,39.06,39.53,38.89,39.11,63864630
2023-07-05,AAPL,Stock,35.88,36.04,35.7,35.79,64708153
2023-07-06,AAPL,Stock,35.67,36.06,35.54,35.82,45190116
2023-07-07,AAPL,Stock,36.37,36.78,36.37,36.5,37211253
2023-07-10,AAPL,Stock,36.46,36.49,36.03,36.32,39740127
2023-07-11,AAPL,Stock,35.18,35.95,35.25,35.49,41742486
2023-07-12,AAPL,Stock,36.12,36.01,35.95,36.0,64119653
2023-07-13,AAPL,Stock,37.68,37.72,36.77,37.36,37406951
2023-07-14,AAPL,Stock,39.28,39.1,38.77,39.07,44800490
2023-07-17,AAPL,Stock,39.1,39.98,38.5,39.32,58404663
2023-07-18,AAPL,Stock,39.49,39.58,39.29,39.5,56683665
2023-07-19,AAPL,Stock,37.96,38.15,37.6,37.81,59400663
2023-07-20,AAPL,Stock,39.03,39.91,39.01,39.3,35893314
2023-07-21,AAPL,Stock,39.64,39.55,39.11,39.4,55406214
2023-07-24,AAPL,Stock,38.14,39.0,37.41,38.15,47810846
2023-07-25,AAPL,Stock,36.11,36.16,35.99,36.05,44942616
2023-07-26,AAPL,Stock,37.78,38.23,36.96,37.58,35749482
2023-07-27,AAPL,Stock,38.66,38.59,38.21,38.53,42077334
2023-07-28,AAPL,Stock,38.96,39.69,38.74,39.09,59141114
2023-07-31,AAPL,Stock,40.1,39.75,39.59,39.74,43880011
2023-08-01,AAPL,Stock,40.6,41.04,40.56,40.93,56017050
2023-08-02,AAPL,Stock,39.76,39.82,39.45,39.65,56500245
2023-08-03,AAPL,Stock,39.52,39.5,39.28,39.41,53135645
2023-08-04,AAPL,Stock,37.89,38.39,37.84,38.07,44676551
2023-08-07,AAPL,Stock,37.27,37.02,36.81,36.96,37685425
2023-08-08,AAPL,Stock,36.36,36.78,36.47,36.71,48255208
2023-08-09,AAPL,Stock,36.6,36.84,36.38,36.66,53509731
2023-08-10,AAPL,Stock,37.5,37.75,37.33,37.56,38033085
2023-08-11,AAPL,Stock,39.69,39.79,39.57,39.61,45609014
2023-08-14,AAPL,Stock,41.65,41.56,41.18,41.24,50444558
2023-08-15,AAPL,Stock,40.88,40.76,40.58,40.63,53221378
2023-08-16,AAPL,Stock,39.87,39.59,39.13,39.49,61154164
2023-08-17,AAPL,Stock,36.84,36.99,36.64,36.78,43102268
2023-08-18,AAPL,Stock,36.51,36.6,36.35,36.47,36512570
2023-08-21,AAPL,Stock,36.71,36.61,36.38,36.56,37046519
2023-08-22,AAPL,Stock,35.44,35.72,35.05,35.45,36902257
2023-08-23,AAPL,Stock,35.44,35.42,34.81,35.19,51225557
2023-08-24,AAPL,Stock,33.68,33.59,33.26,33.43,60476895
2023-08-25,AAPL,Stock,31.16,31.91,31.03,31.19,35688934
2023-08-28,AAPL,Stock,30.24,30.55,30.32,30.42,42055998
2023-08-29,AAPL,Stock,30.81,31.18,30.19,30.67,36252921
2023-08-30,AAPL,Stock,31.66,31.75,30.75,31.37,64238744
2023-08-31,AAPL,Stock,30.09,30.08,29.63,29.8,59782567
2023-09-01,AAPL,Stock,29.09,29.3,29.21,29.21,61337044
2023-09-04,AAPL,Stock,28.66,28.94,28.01,28.57,60301994
2023-09-05,AAPL,Stock,27.15,27.39,26.93,27.24,48639187
2023-09-06,AAPL,Stock,25.66,25.49,25.29,25.42,53912007
2023-09-07,AAPL,Stock,25.07,25.48,25.03,25.26,60733822
2023-09-08,AAPL,Stock,25.63,25.54,25.43,25.49,56752198
2023-09-11,AAPL,Stock,25.86,25.99,25.53,25.89,49958367
2023-09-12,AAPL,Stock,26.02,25.83,25.64,25.78,48767386
2023-09-13,AAPL,Stock,25.18,25.05,24.83,24.99,53653194
2023-09-14,AAPL,Stock,26.99,26.83,26.69,26.82,56885842
2023-09-15,AAPL,Stock,27.58,27.86,27.65,27.66,44961393
2023-09-18,AAPL,Stock,28.5,28.57,28.32,28.38,42825394
2023-09-19,AAPL,Stock,29.43,29.48,29.25,29.34,41849861
2023-09-20,AAPL,Stock,29.53,29.3,29.27,29.28,44522487
2023-09-21,AAPL,Stock,29.2,29.34,28.9,29.11,63392148
2023-09-22,AAPL,Stock,28.11,28.4,28.22,28.34,44626312
2023-09-25,AAPL,Stock,27.35,27.76,27.26,27.6,55105215
2023-09-26,AAPL,Stock,28.5,28.49,28.03,28.22,63531210
2023-09-27,AAPL,Stock,28.54,28.53,28.08,28.29,60068572
2023-09-28,AAPL,Stock,28.53,28.79,28.21,28.68,53763526
2023-09-29,AAPL,Stock,29.02,29.61,29.2,29.3,64619780
2023-10-02,AAPL,Stock,28.92,29.04,28.88,28.89,36257279
2023-10-03,AAPL,Stock,28.73,29.23,28.89,28.94,45070774
2023-10-04,AAPL,Stock,28.14,28.35,27.95,28.16,45141471
2023-10-05,AAPL,Stock,28.42,28.59,28.49,28.56,63436880
2023-10-06,AAPL,Stock,29.51,29.55,29.19,29.33,39113699
2023-10-09,AAPL,Stock,28.53,28.36,28.07,28.32,57090940
2023-10-10,AAPL,Stock,29.19,29.43,28.92,28.94,46535544
2023-10-11,AAPL,Stock,27.13,27.14,26.65,26.87,40551988
2023-10-12,AAPL,Stock,26.17,26.28,26.14,26.17,38858927
2023-10-13,AAPL,Stock,27.16,27.18,27.03,27.17,58251154
2023-10-16,AAPL,Stock,26.89,27.14,26.39,26.68,55682664
2023-10-17,AAPL,Stock,26.54,26.76,25.98,26.43,44773037
2023-10-18,AAPL,Stock,24.97,25.12,24.97,25.1,39850795
2023-10-19,AAPL,Stock,24.69,24.78,24.54,24.56,40351310
2023-10-20,AAPL,Stock,24.19,24.32,24.08,24.27,62622324
2023-10-23,AAPL,Stock,25.81,25.92,25.48,25.56,58918736
2023-10-24,AAPL,Stock,24.94,25.32,24.83,25.12,54568618
2023-10-25,AAPL,Stock,26.24,26.35,25.88,26.31,43370381
2023-10-26,AAPL,Stock,27.19,27.32,27.15,27.2,45376123
2023-10-27,AAPL,Stock,26.95,27.25,26.96,27.18,42202401
2023-10-30,AAPL,Stock,26.82,27.05,26.79,26.95,41057270
2023-10-31,AAPL,Stock,25.84,26.03,25.36,25.84,57969780
2023-11-01,AAPL,Stock,24.86,25.04,24.72,24.93,55580520
2023-11-02,AAPL,Stock,24.3,24.43,24.11,24.25,56024634
2023-11-03,AAPL,Stock,23.85,24.29,23.81,24.01,44553463
2023-11-06,AAPL,Stock,22.68,23.01,22.26,22.62,35907242
2023-11-07,AAPL,Stock,22.69,22.89,22.5,22.61,59797023
2023-11-08,AAPL,Stock,22.85,22.66,22.63,22.66,46981394
2023-11-09,AAPL,Stock,23.15,23.09,22.81,23.04,57017688
2023-11-10,AAPL,Stock,22.86,22.78,22.5,22.69,52941216
2023-11-13,AAPL,Stock,22.9,23.06,22.74,22.81,62586730
2023-11-14,AAPL,Stock,22.93,23.0,22.84,22.97,62361750
2023-11-15,AAPL,Stock,24.14,24.14,23.95,24.13,39921936
2023-11-16,AAPL,Stock,23.22,23.53,22.71,23.04,62359180
2023-11-17,AAPL,Stock,22.7,23.13,22.6,22.88,46570573
2023-11-20,AAPL,Stock,23.69,23.88,23.19,23.52,59925426
2023-11-21,AAPL,Stock,23.47,23.47,23.44,23.47,47511558
2023-11-22,AAPL,Stock,23.03,23.18,22.95,23.01,43789084
2023-11-23,AAPL,Stock,23.38,23.57,22.92,23.21,50157280
2023-11-24,AAPL,Stock,24.25,24.39,24.24,24.27,48829478
2023-11-27,AAPL,Stock,24.45,24.29,24.08,24.21,41273018
2023-11-28,AAPL,Stock,24.88,25.13,24.84,25.08,54075570
2023-11-29,AAPL,Stock,25.49,25.59,25.34,25.49,48833059
2023-11-30,AAPL,Stock,25.36,25.98,25.55,25.61,58032614
2023-12-01,AAPL,Stock,26.73,26.6,26.48,26.53,53939502
2023-12-04,AAPL,Stock,25.91,25.96,25.29,25.68,52395021
2023-12-05,AAPL,Stock,23.05,23.29,23.24,23.26,35791903
2023-12-06,AAPL,Stock,23.79,24.13,23.59,23.81,64696056
2023-12-07,AAPL,Stock,25.73,25.88,25.4,25.61,44212935
2023-12-08,AAPL,Stock,25.9,26.38,25.74,26.16,55999799
2023-12-11,AAPL,Stock,27.09,27.16,27.06,27.09,60673313
2023-12-12,AAPL,Stock,27.83,28.2,28.0,28.02,58073432
2023-12-13,AAPL,Stock,27.77,27.74,27.41,27.57,53496901
2023-12-14,AAPL,Stock,26.6,26.96,26.29,26.85,41470756
2023-12-15,AAPL,Stock,27.33,27.55,27.45,27.5,39441639
2023-12-18,AAPL,Stock,29.35,29.32,29.23,29.29,42062457
2023-12-19,AAPL,Stock,29.77,30.3,29.82,30.03,37939846
2023-12-20,AAPL,Stock,31.22,31.28,30.73,31.12,57298077
2023-12-21,AAPL,Stock,31.33,32.13,31.32,31.59,51064804
2023-12-22,AAPL,Stock,31.45,32.04,31.15,31.62,50179097
2023-12-25,AAPL,Stock,31.05,31.38,31.25,31.35,54389358
2023-12-26,AAPL,Stock,30.27,30.55,30.49,30.55,52310826
2023-12-27,AAPL,Stock,31.67,31.82,31.17,31.58,45621191
2023-12-28,AAPL,Stock,30.6,30.44,29.75,30.43,40641577
2023-12-29,AAPL,Stock,30.82,31.41,30.67,30.94,47922158
2024-01-01,AAPL,Stock,31.94,32.09,31.56,31.96,63007505
2024-01-02,AAPL,Stock,31.14,31.17,31.02,31.11,37856027
2024-01-03,AAPL,Stock,32.23,31.96,31.47,31.93,51297967
2024-01-04,AAPL,Stock,30.16,30.31,29.73,30.04,45566084
2024-01-05,AAPL,Stock,29.2,29.29,28.91,29.15,63157904
2024-01-08,AAPL,Stock,29.85,30.72,29.89,30.05,42650607
2024-01-09,AAPL,Stock,30.57,30.95,30.47,30.72,44690375
2024-01-10,AAPL,Stock,33.39,33.37,33.13,33.2,55965104
2024-01-11,AAPL,Stock,33.9,34.49,33.84,34.12,39336138
2024-01-12,AAPL,Stock,34.05,34.25,33.78,34.17,45622745
2024-01-15,AAPL,Stock,34.1,34.98,34.01,34.44,52837129
2024-01-16,AAPL,Stock,35.58,35.53,34.83,35.35,54785532
2024-01-17,AAPL,Stock,35.77,36.01,35.11,35.69,36064267
2024-01-18,AAPL,Stock,35.77,35.9,35.46,35.85,39572564
2024-01-19,AAPL,Stock,36.46,36.74,36.11,36.67,43245723
2024-01-22,AAPL,Stock,36.96,37.05,36.75,36.95,43362346
2024-01-23,AAPL,Stock,38.46,38.83,38.6,38.8,42464687
2024-01-24,AAPL,Stock,38.75,38.82,38.19,38.75,53480623
2024-01-25,AAPL,Stock,37.01,37.32,37.05,37.08,40847462
2024-01-26,AAPL,Stock,37.02,36.75,36.2,36.67,44894846
2024-01-29,AAPL,Stock,36.54,36.82,36.57,36.73,52308263
2024-01-30,AAPL,Stock,36.97,36.85,36.79,36.84,58042817
2024-01-31,AAPL,Stock,35.84,35.67,35.47,35.51,36284347
2024-02-01,AAPL,Stock,36.12,35.98,35.72,35.86,64110690
2024-02-02,AAPL,Stock,36.61,37.0,35.95,36.45,57836057
2024-02-05,AAPL,Stock,36.05,36.33,36.18,36.25,47774971
2024-02-06,AAPL,Stock,36.41,36.82,36.2,36.56,48723693
2024-02-07,AAPL,Stock,38.26,38.65,38.39,38.51,49715242
2024-02-08,AAPL,Stock,37.56,37.46,36.88,37.22,48778908
2024-02-09,AAPL,Stock,36.88,37.23,36.8,36.96,56529185
2024-02-12,AAPL,Stock,36.7,36.74,36.49,36.6,44757372
2024-02-13,AAPL,Stock,37.62,38.22,37.66,37.9,48537420
2024-02-14,AAPL,Stock,36.8,37.33,36.73,36.94,57157122
2024-02-15,AAPL,Stock,36.46,37.03,36.51,36.59,46868097
2024-02-16,AAPL,Stock,35.16,35.15,34.64,34.94,38005557
2024-02-19,AAPL,Stock,34.31,34.85,34.26,34.52,38912545
2024-02-20,AAPL,Stock,35.08,35.56,35.1,35.13,61827326
2024-02-21,AAPL,Stock,37.8,37.56,36.9,37.47,35102685
2024-02-22,AAPL,Stock,37.96,38.58,37.79,38.01,57850545
2024-02-23,AAPL,Stock,38.89,38.78,38.21,38.67,50728158
2024-02-26,AAPL,Stock,39.18,39.18,38.76,38.82,61170233
2024-02-27,AAPL,Stock,38.97,38.97,38.5,38.88,63944028
2024-02-28,AAPL,Stock,40.05,39.85,39.04,39.71,49035490
2024-02-29,AAPL,Stock,38.23,38.41,37.9,38.33,36406690
2024-03-01,AAPL,Stock,39.04,39.67,39.04,39.35,57896332
2024-03-04,AAPL,Stock,38.36,38.78,38.57,38.72,43390599
2024-03-05,AAPL,Stock,38.4,38.66,38.35,38.56,41935074
2024-03-06,AAPL,Stock,36.83,37.35,36.58,37.09,51607377
2024-03-07,AAPL,Stock,34.56,35.32,34.58,34.88,48105168
2024-03-08,AAPL,Stock,35.91,35.88,35.23,35.73,39988958
2024-03-11,AAPL,Stock,37.05,37.21,36.3,36.78,43314221
2024-03-12,AAPL,Stock,35.99,36.47,35.79,36.13,51955107
2024-03-13,AAPL,Stock,34.71,35.0,34.91,34.98,64103911
2024-03-14,AAPL,Stock,34.49,34.2,33.89,34.16,46361422
2024-03-15,AAPL,Stock,35.13,35.09,34.99,35.0,41944421
2024-03-18,AAPL,Stock,35.94,36.23,35.77,36.18,63746239
2024-03-19,AAPL,Stock,35.78,36.23,35.5,35.74,64492990
2024-03-20,AAPL,Stock,35.26,35.17,35.09,35.15,50253814
2024-03-21,AAPL,Stock,34.99,35.21,34.71,35.07,50111121
2024-03-22,AAPL,Stock,35.51,35.87,35.45,35.52,38411174
2024-03-25,AAPL,Stock,34.49,34.83,34.14,34.51,39496884
2024-03-26,AAPL,Stock,34.75,34.83,34.42,34.55,61437667
2024-03-27,AAPL,Stock,34.07,34.02,33.78,33.84,50755356
2024-03-28,AAPL,Stock,33.21,33.19,33.03,33.09,64741120
2024-03-29,AAPL,Stock,34.89,35.35,34.28,34.69,48040344
2024-04-01,AAPL,Stock,36.18,36.51,35.54,35.91,54155761
2024-04-02,AAPL,Stock,35.99,36.15,35.66,35.87,47135586
2024-04-03,AAPL,Stock,35.74,35.95,35.52,35.7,63847948
2024-04-04,AAPL,Stock,35.86,36.13,36.0,36.06,38567906
2024-04-05,AAPL,Stock,36.42,36.27,35.7,36.22,52326737
2024-04-08,AAPL,Stock,36.47,36.43,35.97,36.14,60601706
2024-04-09,AAPL,Stock,35.49,35.52,35.13,35.19,56625708
2024-04-10,AAPL,Stock,37.01,37.45,37.16,37.2,36667638
2024-04-11,AAPL,Stock,37.43,38.15,36.77,37.39,44752207
2024-04-12,AAPL,Stock,38.01,38.21,38.16,38.2,56564619
2024-04-15,AAPL,Stock,37.91,37.74,37.51,37.71,54957993
2024-04-16,AAPL,Stock,37.33,37.45,37.07,37.43,43725080
2024-04-17,AAPL,Stock,36.63,36.69,36.12,36.54,58800333
2024-04-18,AAPL,Stock,35.77,36.26,35.1,35.6,64327597
2024-04-19,AAPL,Stock,36.2,36.32,35.53,36.01,35368017
2024-04-22,AAPL,Stock,36.12,36.01,35.52,35.8,59113280
2024-04-23,AAPL,Stock,36.8,36.95,36.61,36.74,46064889
2024-04-24,AAPL,Stock,36.62,36.54,36.23,36.47,62022292
2024-04-25,AAPL,Stock,35.9,36.19,35.96,36.15,38479380
2024-04-26,AAPL,Stock,37.62,37.62,37.48,37.56,43824938
2024-04-29,AAPL,Stock,36.11,36.35,36.15,36.25,55521228
2024-04-30,AAPL,Stock,35.33,35.53,35.35,35.44,50648715
2024-05-01,AAPL,Stock,35.63,35.38,35.03,35.3,56506069
2024-05-02,AAPL,Stock,32.9,33.28,32.42,32.84,57375455
2024-05-03,AAPL,Stock,33.86,33.7,33.26,33.61,36398431
2024-05-06,AAPL,Stock,32.74,32.99,32.45,32.8,48441874
2024-05-07,AAPL,Stock,33.58,33.49,33.31,33.34,37678031
2024-05-08,AAPL,Stock,33.52,33.35,33.21,33.26,40696483
2024-05-09,AAPL,Stock,33.84,34.21,33.78,33.95,35972568
2024-05-10,AAPL,Stock,35.83,35.84,35.53,35.66,50542526
2024-05-13,AAPL,Stock,33.15,33.44,32.91,33.14,39143336
2024-05-14,AAPL,Stock,32.32,32.68,32.5,32.52,43173108
2024-05-15,AAPL,Stock,34.43,34.39,33.77,34.34,64938148
2024-05-16,AAPL,Stock,35.39,35.86,35.55,35.68,49107509
2024-05-17,AAPL,Stock,36.8,37.08,36.8,37.04,61658576
2024-05-20,AAPL,Stock,38.65,38.59,38.19,38.46,60648092
2024-05-21,AAPL,Stock,37.53,38.04,37.23,37.24,61966070
2024-05-22,AAPL,Stock,37.12,37.12,36.35,36.89,47896044
2024-05-23,AAPL,Stock,36.04,36.47,36.2,36.35,55913963
2024-05-24,AAPL,Stock,36.58,36.62,35.84,36.35,64460171
2024-05-27,AAPL,Stock,34.74,35.13,34.82,34.85,51011821
2024-05-28,AAPL,Stock,35.25,35.56,35.26,35.26,51934272
2024-05-29,AAPL,Stock,34.69,34.62,34.46,34.5,36742616
2024-05-30,AAPL,Stock,33.75,33.7,33.17,33.63,59302210
2024-05-31,AAPL,Stock,33.37,33.53,32.92,33.31,64940733
2024-06-03,AAPL,Stock,32.28,32.57,32.05,32.27,56603433
2024-06-04,AAPL,Stock,33.82,33.75,33.57,33.74,47145697
2024-06-05,AAPL,Stock,31.74,31.55,31.48,31.53,57790249
2024-06-06,AAPL,Stock,31.96,32.11,31.73,32.06,55478991
2024-06-07,AAPL,Stock,31.74,31.89,31.01,31.66,41006036
2024-06-10,AAPL,Stock,31.92,31.76,31.62,31.73,57215747
2024-06-11,AAPL,Stock,33.65,33.9,33.53,33.69,60268751
2024-06-12,AAPL,Stock,33.45,33.79,33.46,33.61,37602060
2024-06-13,AAPL,Stock,33.43,33.77,33.5,33.55,44476871
2024-06-14,AAPL,Stock,34.01,34.1,33.77,34.07,55366816
2024-06-17,AAPL,Stock,33.26,33.29,32.83,33.29,63639842
2024-06-18,AAPL,Stock,32.73,33.36,32.72,32.87,46349861
2024-06-19,AAPL,Stock,33.74,33.57,33.33,33.43,55761151
2024-06-20,AAPL,Stock,32.76,32.93,32.43,32.69,54691829
2024-06-21,AAPL,Stock,31.45,31.61,31.4,31.41,54499836
2024-06-24,AAPL,Stock,30.05,30.76,29.93,30.28,37702265
2024-06-25,AAPL,Stock,30.13,31.06,29.89,30.41,40561805
2024-06-26,AAPL,Stock,29.61,29.6,29.29,29.33,57286279
2024-06-27,AAPL,Stock,29.34,29.36,29.25,29.33,45446155
2024-06-28,AAPL,Stock,30.04,29.98,29.63,29.78,61762939
2024-07-01,AAPL,Stock,29.34,29.61,29.31,29.55,49328627
2024-07-02,AAPL,Stock,31.62,31.94,31.67,31.76,49146386
2024-07-03,AAPL,Stock,33.1,33.44,32.43,32.97,58288049
2024-07-04,AAPL,Stock,34.4,34.7,34.15,34.38,44460168
2024-07-05,AAPL,Stock,35.65,36.13,34.96,35.75,56684255
2024-07-08,AAPL,Stock,34.99,35.75,34.98,35.28,44481548
2024-07-09,AAPL,Stock,36.88,37.56,36.76,37.16,56145112
2024-07-10,AAPL,Stock,36.25,36.55,36.21,36.26,60498397
2024-07-11,AAPL,Stock,35.77,35.95,35.44,35.74,37267754
2024-07-12,AAPL,Stock,36.53,36.68,36.0,36.3,61593018
2024-07-15,AAPL,Stock,36.66,36.69,36.36,36.6,51394059
2024-07-16,AAPL,Stock,37.49,37.26,36.92,37.12,37999570
2024-07-17,AAPL,Stock,36.89,36.94,36.82,36.9,57688669
2024-07-18,AAPL,Stock,35.51,35.47,35.23,35.44,36328315
2024-07-19,AAPL,Stock,35.2,35.27,34.77,35.23,48199341
2024-07-22,AAPL,Stock,34.5,34.74,34.38,34.71,61088996
2024-07-23,AAPL,Stock,34.09,34.56,33.82,34.4,57940085
2024-07-24,AAPL,Stock,32.56,32.62,32.19,32.35,45181719
2024-07-25,AAPL,Stock,30.27,30.64,30.21,30.51,48351140
2024-07-26,AAPL,Stock,31.48,31.52,30.96,31.18,56022110
2024-07-29,AAPL,Stock,31.32,31.88,31.41,31.42,52430454
2024-07-30,AAPL,Stock,31.33,31.56,31.42,31.46,64854769
2024-07-31,AAPL,Stock,30.33,30.08,29.99,30.05,54408213
2024-08-01,AAPL,Stock,29.91,29.98,29.81,29.96,55432752
2024-08-02,AAPL,Stock,30.86,31.07,30.08,30.62,51433723
2024-08-05,AAPL,Stock,29.61,29.86,29.45,29.72,57048523
2024-08-06,AAPL,Stock,30.47,30.7,30.44,30.66,52060188
2024-08-07,AAPL,Stock,31.61,31.58,31.25,31.56,35365992
2024-08-08,AAPL,Stock,33.56,33.48,33.44,33.45,55648479
2024-08-09,AAPL,Stock,33.38,33.87,33.64,33.68,54545374
2024-08-12,AAPL,Stock,33.04,33.42,32.84,32.99,44170017
2024-08-13,AAPL,Stock,35.1,35.72,35.16,35.22,55083438
2024-08-14,AAPL,Stock,35.7,35.92,35.25,35.92,59786215
2024-08-15,AAPL,Stock,37.71,38.26,37.15,37.68,57904864
2024-08-16,AAPL,Stock,38.15,38.53,38.21,38.26,49665608
2024-08-19,AAPL,Stock,40.4,40.48,40.2,40.37,38195707
2024-08-20,AAPL,Stock,38.91,38.98,38.7,38.72,41608458
2024-08-21,AAPL,Stock,38.25,38.42,37.77,38.15,52977213
2024-08-22,AAPL,Stock,36.27,37.45,36.2,36.62,45121813
2024-08-23,AAPL,Stock,35.32,35.82,35.01,35.52,57851816
2024-08-26,AAPL,Stock,35.57,35.76,35.59,35.75,55604137
2024-08-27,AAPL,Stock,35.0,35.65,34.91,35.32,47548016
2024-08-28,AAPL,Stock,34.82,34.74,34.06,34.74,51898019
2024-08-29,AAPL,Stock,36.21,36.38,36.26,36.29,36259954
2024-08-30,AAPL,Stock,34.86,34.89,34.52,34.73,63851970
2024-09-02,AAPL,Stock,36.1,36.45,35.63,35.86,57952607
2024-09-03,AAPL,Stock,34.18,34.87,34.04,34.42,51861417
2024-09-04,AAPL,Stock,35.83,36.21,35.45,36.1,40822456
2024-09-05,AAPL,Stock,35.95,36.73,35.7,36.31,47647019
2024-09-06,AAPL,Stock,38.45,38.94,38.46,38.64,38078503
2024-09-09,AAPL,Stock,38.58,38.65,38.28,38.59,57987808
2024-09-10,AAPL,Stock,37.85,38.03,37.85,37.91,40122906
2024-09-11,AAPL,Stock,37.37,37.56,37.39,37.4,58974644
2024-09-12,AAPL,Stock,37.22,37.67,37.11,37.47,36387110
2024-09-13,AAPL,Stock,37.21,37.45,36.84,37.22,51857683
2024-09-16,AAPL,Stock,36.63,37.57,36.57,36.96,42240270
2024-09-17,AAPL,Stock,37.64,38.22,37.66,37.7,46765688
2024-09-18,AAPL,Stock,39.75,39.79,39.59,39.68,61061448
2024-09-19,AAPL,Stock,41.22,41.28,40.39,40.94,53130203
2024-09-20,AAPL,Stock,41.17,41.35,40.94,41.18,46439119
2024-09-23,AAPL,Stock,40.98,41.23,40.37,40.89,47247743
2024-09-24,AAPL,Stock,40.79,40.93,40.6,40.83,47143086
2024-09-25,AAPL,Stock,41.38,41.62,41.35,41.57,51212041
2024-09-26,AAPL,Stock,42.64,42.68,42.32,42.41,46620538
2024-09-27,AAPL,Stock,42.61,42.96,41.91,42.8,37038588
2024-09-30,AAPL,Stock,43.3,43.97,43.28,43.65,42632055
2024-10-01,AAPL,Stock,42.76,43.16,42.62,42.85,62142272
2024-10-02,AAPL,Stock,41.57,41.69,41.55,41.56,41707528
2024-10-03,AAPL,Stock,41.07,41.67,40.37,41.08,42463097
2024-10-04,AAPL,Stock,39.96,40.02,39.77,39.9,54829795
2024-10-07,AAPL,Stock,38.72,39.03,38.47,38.79,48417054
2024-10-08,AAPL,Stock,39.51,39.56,39.45,39.53,37314526
2024-10-09,AAPL,Stock,39.28,39.92,39.45,39.67,59360301
2024-10-10,AAPL,Stock,40.3,40.5,40.17,40.37,39282017
2024-10-11,AAPL,Stock,40.27,40.53,39.69,40.22,57026177
2024-10-14,AAPL,Stock,38.51,38.58,38.51,38.54,50073981
2024-10-15,AAPL,Stock,37.48,37.98,36.73,37.42,39358325
2024-10-16,AAPL,Stock,35.8,35.8,35.51,35.69,39240811
2024-10-17,AAPL,Stock,34.5,34.61,34.5,34.6,57207679
2024-10-18,AAPL,Stock,34.61,34.77,34.44,34.71,56375689
2024-10-21,AAPL,Stock,35.2,35.93,35.1,35.56,44841874
2024-10-22,AAPL,Stock,35.82,36.32,35.96,35.99,57141589
